9.403360208903799311e-02
9.112431455455455298e-02
1.000071353320166612e-01
1.478892802078362601e-01
1.666730863833723042e-01
8.483079533339150935e-02
9.201350837930044602e-02
5.559770998975759743e-02
6.255340681121848712e-02
7.157915511821452692e-02
7.693056502134314190e-02
7.696609681600673214e-02
9.122325697487645990e-02
5.558700311323928889e-02
1.048600035433417260e-01
8.335484653065737548e-02
5.296596136661086557e-02
7.149889722985126872e-02
6.669024421493109644e-02
4.151755531778610064e-02
5.571142538781620468e-02
1.881124178192219165e-01
1.111579773078066879e-01
1.004616267713191180e-01
1.912565801665814247e-01
2.443079358193533390e-01
7.184258193031710371e-02
6.251298748346421907e-02
1.585382024766176789e-01
8.351192759795757203e-02
7.770986773742688536e-02
1.429582440641249952e-01
7.157045390098414062e-02
9.184032910783472559e-02
9.140851658309415151e-02
8.338766727010329949e-02
7.701118469476010697e-02
9.145443601864672312e-02
1.382271993482579175e-01
5.558637041628541886e-02
6.314996033162700861e-02
1.000476390828348439e-01
1.451904704528645118e-01
2.026094043411951484e-01
2.283014623005137356e-01
4.684509536856386325e-02
5.028155954471243833e-02
1.499111436551582022e-01
8.506326315501182289e-02
1.257909614882116167e-01
7.147895818150104552e-02
7.860509721916225656e-02
7.174902370698113541e-02
5.883850099500866765e-02
1.250145903661530611e-01
1.280512310183319347e-01
3.704170848402830313e-02
7.152745787436880220e-02
1.410870196123088227e-01
9.098549587396717597e-02
9.321807403338978892e-02
1.000172618417867615e-01
1.121256486851090473e-01
9.902407103288966839e-02
1.096017828993068299e+01
3.507642209597595873e+00
4.571028166562482453e-02
2.097579605843928441e+00
1.429523242697142982e-01
1.000162290482586175e-01
1.000141445258853345e-01
5.557571428647503642e-02
1.252481916818909968e-01
5.267591011502076315e-02
7.826541385714175236e-02
5.882777897675595113e-02
8.394583309411035588e-02
1.004280459000587156e-01
9.091050596817744356e-02
1.008689658322327182e-01
9.095056844521645645e-02
6.667107383429268785e-02
4.191604003625140629e-02
1.117759200745411796e-01
2.253769975089220667e-01
4.351224330767927695e-02
2.643726452941305149e-01
1.324284094449789395e-01
6.132230671280375356e-01
1.013175749118827851e-01
5.893981851190721599e-02
1.017214307495410697e-01
1.082072907176007703e+01
5.619448841500254699e-02
7.715584310371279009e-02
8.027554749101337150e-02
2.661819058469616639e-02
1.250178310662586056e-01
3.338747869312003874e-02
1.111132651741980754e-01
8.399061988411432589e-02
9.091497058496024464e-02
2.121479038305951748e-01
1.001331277671479725e-01
9.772644907772640166e-02
9.808954447350581862e-02
8.371508599554712549e-02
1.475556880268320825e-01
7.717734614024743256e-02
3.868100444175393698e-02
7.143857697839359200e-02
