6.695647554896991260e-02
3.025605473532078094e-01
7.246513694022457819e-02
1.012459468601196455e-01
6.263000457152349820e-02
7.154457580792748794e-02
1.303437518776162374e-01
7.145680441504362324e-02
7.708948144432604954e-02
8.337653096616687298e-02
6.407010772985607394e-01
9.091926372915291876e-02
1.117083982458818431e-01
1.663780825059471558e-01
1.203614419064166635e-01
8.365976412551007213e-02
1.543695673045382410e-01
1.003723963495130045e-01
1.111971390348395761e-01
6.569334358884572345e-02
2.004017158053061354e-01
9.829751779251202914e-02
2.012825444446508794e-01
1.209173365594805732e-01
1.004110059882213912e-01
2.456322607255248258e-01
