3.853335971966948686e-02
1.125612067790834198e-01
8.355375768246364743e+00
7.882657325331393627e-02
7.149571685387182129e-02
7.767928162341397602e-02
5.987698570602564274e+00
1.084522874030363904e-01
2.180239325786600957e-01
7.189821573928414011e+01
8.380381044295913406e-02
6.679569747876917818e-02
8.341961820651022652e-02
1.073481745108222085e-01
3.069126993777295254e-01
7.144730442295889328e-02
6.300063748548960507e-02
3.572694097947253650e-02
4.670821429584412487e-02
7.693867144043632644e-02
5.319832666231500556e-02
1.111523050931429446e-01
8.421712527904197387e-02
5.211541450167570672e-02
3.038294188396779491e-02
8.356985174143884143e-02
9.450660449971493016e-02
1.431244692122819739e-01
3.514342374721270146e-02
1.317009672283826205e-01
2.933121180136127187e-02
5.275356771581990456e-02
4.044785395707954645e-02
8.985554488270877660e-02
7.699627180177934238e-02
3.673882706595398839e-01
6.321245434655931028e-02
1.375744153812842874e-01
1.000919367228028933e-01
1.001366803709802245e-01
1.214656181702089910e+01
