5.613062832922467021e-02
6.705159643071212372e-02
2.569274034964148523e-01
1.000267527297249437e-01
5.900774894299826157e-02
9.103511997967096703e-02
6.668489017895293247e-02
8.336404898546552478e-02
8.405533931206043974e-02
1.111233016162335024e-01
7.703876404378363907e-02
1.251369326245675151e-01
2.300878005338206633e-01
8.530477342056276280e-01
5.607623717931050494e-02
8.497010266004000056e-02
7.199518988279562937e-02
4.691983614988062823e-02
2.630486529471828039e+00
3.858441142507561955e-02
9.141770525885493937e-02
6.667932503331069904e-02
1.098521033159858828e-01
6.089631409911887283e-02
4.516329828577229921e-02
1.111698067721295646e-01
4.568243294395413212e-02
7.148861188143430800e-02
6.678721466290094000e-02
2.623802556927917973e+00
4.997355461538520449e-02
5.480279135895988613e-02
7.806865443590484122e-02
9.091049226091013624e-02
5.731290439609152410e-01
6.683782223583858983e-02
1.028220648510930618e-01
3.450790030049895318e-02
5.371773585096287912e-02
4.356349010476547740e-02
1.115004189087967640e-01
4.578329964105157246e-02
1.259332524355364080e-01
1.577465237873118831e+01
8.637793646833956396e-02
5.819013896801868313e+00
1.593559832595947967e-01
1.366513467485659938e-01
8.387079599250762962e-02
7.816613453307067472e-01
7.963283781556737551e-02
3.171699453543711229e+02
3.890071350776728304e-02
6.373305354569828995e-02
6.419279380513255584e-02
8.575324869101390302e-02
8.333424641275237466e-02
9.121704707761001119e-02
8.363489884435255928e-02
8.511300139499884676e-02
8.731591455805359780e-02
1.377979091018890767e-01
6.961867361606855411e+02
1.002617213060719575e-01
5.021437291350820675e-02
9.195582302897009619e-02
1.114594015165757679e-01
8.337927945291702392e-02
1.009223685132486920e-01
7.697058850757294846e-02
5.599227818491331554e+00
7.693669269042645309e-02
3.348646394334632570e-02
1.001631005217661768e-01
7.706435021779181604e-02
4.382301796350563522e-02
7.699683828057400647e-02
5.984877067108732018e-02
8.361903723690133905e-02
9.092950878599050102e-02
9.125843052036408665e-02
1.195585972089323046e-01
3.726384619139059412e-02
8.333779527047491253e-02
8.118258737227454502e-02
9.093448109130405910e-02
6.669524336770220330e-02
7.730633652884073836e-02
8.348344606619743924e-02
7.843606995058712006e-02
6.269443565722897238e-02
1.212881278216034614e-01
9.091336408021341575e-02
8.477826238723277230e-01
1.111153737598576108e-01
1.111462498727381482e-01
1.165273640505461543e+02
1.959639576419117124e-01
1.450204612163397688e-01
1.029580235254971970e-01
