1.432837445521545905e-01
5.096496664271612381e-02
1.026413806613855756e-01
9.243328280172313782e-02
5.883156560519475775e-02
8.080447344575462931e-02
7.711203948585582113e-02
8.347589745115259474e-02
8.334555820263610248e-02
7.143518752771585434e-02
1.120237392827096723e-01
1.428684582972506723e-01
9.094381774956596109e-02
1.111135834680427592e-01
1.254191259681850523e-01
1.000208676725428819e-01
9.091006257950538794e-02
1.667406767334686790e-01
1.119559729232108558e-01
7.700334776176566420e-02
7.148349644009978354e-02
9.108385175770616904e-02
1.000652831997445869e-01
1.428581593678449058e-01
5.026938520047197212e-02
5.670551249302894364e-02
3.807690935202261151e-02
1.015588299754262430e-01
9.319203415048804562e-02
5.268191279666440546e-02
3.333596839670725787e-02
9.398886447535610700e-02
2.185828507416212596e-01
4.498538234645468176e-02
8.375875880427119391e-02
1.134238358851950235e+00
9.091251491934428108e-02
9.091061322435253778e-02
3.334519279850187840e-02
1.108458003677275511e-01
1.111895320903138196e-01
1.562895415505451524e+00
6.682165314283065871e-02
9.091264443792478056e-02
9.577794594559228825e-02
6.667580619500287908e-02
6.875770986330417833e-02
9.097311844177044526e-02
8.346855229072941418e-02
2.734213804040138140e-01
1.657289938051037803e-01
6.667689516040850584e-02
1.666700082431819829e-01
8.333448286816136363e-02
1.111130558360406001e-01
1.428585794681753729e-01
5.873648603759223930e-02
1.111115549920481532e-01
