7.715812858252416029e-02
5.268259897874778136e-02
5.882756734277476418e-02
1.000258389723680530e-01
8.355098037069179362e-02
4.578966792232903871e-02
8.480614121487517476e-02
8.451315647636249706e-02
6.672608575552489707e-02
5.555970908600896263e-02
9.850880385037465159e-02
1.111146237577727014e-01
7.174948474258523168e-02
1.280975018988669833e-01
4.674164049279949040e+02
1.546306778977595968e+02
6.667112572156723427e-02
4.101711899370737158e-02
8.360564400885321656e-02
5.471016942439053260e-02
1.116642729010721008e-01
1.001045182913085502e-01
1.858797448451317669e+00
5.882588296539486422e-02
1.111891621405064340e-01
2.074915343763708842e-01
1.050412693135241299e-01
9.981121392354927457e-02
1.443585067573025238e-01
7.802698970451363292e-02
4.086693093693167383e-02
5.843060140416717757e-02
6.269420735494378449e-02
1.091506010136565202e-01
5.347520295790064715e-02
7.147209936978282663e-02
7.709529007252251265e-02
9.004776845723506951e-02
5.329960372757934495e-02
5.629701730975473356e-02
8.343649439362567366e-02
3.137062356581563072e-02
7.699142207099300694e-02
5.001346018313056196e-02
1.429247172995324333e-01
1.014438704379934525e-01
6.666982041848819318e-02
1.036156641038162018e-01
7.702615181163136038e-02
8.361916240631368791e-02
4.559757868674800541e-02
6.926423954190215337e-02
6.670490178846506801e-02
6.764273979372387169e-02
8.337547217958075907e-02
1.003969403373784763e-01
5.568309937280979671e-02
4.360615588324652514e-02
1.006661205926035613e-01
6.373775901225565699e-01
3.590522290700999819e-01
3.848985272947939157e-02
3.846603197239783362e-02
7.236443708690999677e-02
7.189792982078586914e-02
7.229347597382321244e-02
9.103428107746575071e-02
7.143048997775991449e-02
1.668230339304492826e-01
7.311119458739030741e-02
9.106329482905634043e-02
8.413186919857411350e-02
1.250515209350049339e-01
7.355225259268291516e-02
5.387007733927760139e-02
6.256536662134128124e-02
5.809020139937656063e-02
7.692615184863507705e-02
2.329970366847763374e-01
8.364871597001473369e-02
6.279616246524012679e-02
7.157493113322098421e-02
8.401754336560457448e-02
7.726575187226384367e-01
8.337589889353984318e-02
8.382689335077490866e-02
7.525992043672670440e-02
1.144050934770594607e-01
8.798399887352982562e-02
7.153376403355631019e-02
7.933889518948707975e-01
1.711942740015127695e+00
1.000093418826133451e-01
8.376755014253052523e-02
4.795468458563558606e-02
