9.271205610964532162e-02
1.751398862677693569e-01
1.254701786746218184e-01
1.251956930815883440e-01
6.918765375999755829e-01
1.032901972369494742e-01
1.188678029300729161e-01
5.773924850574488343e-02
8.876117635101309078e-02
5.474593912240204724e-02
8.333522500518621146e-02
1.796102026965185727e+00
1.295572607680943455e-01
9.092343907141739456e-02
1.503940283711115156e-01
8.333745579918894197e-02
1.523474134601652541e-01
4.633440955327763899e-02
8.339335260943502026e-02
7.142970865280526271e-02
7.347747265282862650e-02
1.931206947800807594e-01
1.000172110369229178e-01
6.987069954040549258e-02
8.333415730598624227e-02
