1.544162638024839385e-01
1.434637551535817568e-01
1.453180129364438078e-01
2.508285793947048203e-01
2.709330022581657449e-01
7.154279301507841804e-02
1.666683783704768773e-01
3.071555740975102644e-01
2.725024422330598051e-01
1.359060909406147877e-01
1.521331356174661920e-01
3.555525358267194735e-01
1.001783916649056777e-01
1.120660001947276496e-01
1.046858609904972592e-01
7.699427241972148228e-02
5.920926950114328152e-02
1.438862032303148963e-01
1.346751042510238860e-01
1.253219109364837047e-01
8.542702092410979497e-02
2.761222042664658871e-01
1.535089277743634240e-01
1.066297331126350584e-01
6.836260803865262803e-01
8.333433741316724486e-02
1.300006268848022395e-01
2.443644965318237106e-01
1.431043152848630040e-01
