1.243852343471137795e-01
1.430061795764109855e-01
1.008179808682013318e-01
2.304237804383779120e-01
1.160380496980109588e-01
7.632419965091097325e-02
4.270719266193665486e-01
1.186563823119933803e-01
1.679269546069090679e-01
1.150065644445836394e-01
1.000737251896534064e-01
2.929189693192107979e-01
1.000243766057457434e-01
6.062410846880610799e-02
4.018326012725819130e-01
1.429501725352008423e-01
8.404898755466318205e-02
9.096066736154036214e-02
1.250452285713691547e-01
1.641825302033324441e+00
8.475606836389444620e-02
6.674868920780194226e-02
7.596656347675025123e-02
8.720149597467230507e-01
4.916650101931908878e+00
1.007089576464332004e-01
1.439749156369676819e-01
1.349787900250457862e-01
