7.585451769407944300e-02
1.666933332786999511e-01
1.014698016191072638e-01
5.556766386725944806e-02
6.394289719715875453e-01
1.101467554126652537e+00
7.147989095425813511e-02
1.113792857138712206e-01
1.291940403659674053e-01
1.775029741403370276e-01
7.602297318409967364e-01
1.266322263754016686e-01
6.699909714381442616e-02
7.730165380310480283e-02
8.126850867273046619e-01
1.768870199336926297e-01
1.000154827147876346e-01
4.763034619426648186e-02
5.883671525733752405e-02
1.000009491691079139e-01
5.804889062857376825e-01
4.801369713355341240e-02
6.329440204582616192e-02
5.002637061761474463e-02
4.222783259278801299e-02
1.376669826766081517e-01
7.153488875070869446e-02
4.021732923044127328e-02
4.427189807772869412e-01
9.097601771955904360e-02
9.102016927957334858e-02
6.669482790911684944e-02
2.566867860495041648e-02
1.001299998143026782e-01
7.693418634418579261e-02
2.060307883278504093e+01
8.334274187434632941e-02
7.700446384439686709e-02
1.451631693981512983e-01
4.382549895526126171e+00
8.372558735088726778e-02
8.344552732527830974e-02
9.950664227280166252e-02
1.117379393729887593e-01
7.778196024709141398e-02
8.343473562691254841e-01
6.086720275351815979e-02
1.728796918708708497e-01
8.688467969118741918e-02
8.340110485804862195e-02
6.670926417578618151e-02
1.679641177606146785e-01
1.111292914110314362e-01
9.415798267087305273e-02
3.982227190998784833e-02
1.472988222471544040e-01
7.347565449176075847e-02
6.250297187664478893e-02
4.555076736326423709e-02
6.253002942082437621e-02
1.000114692483324436e-01
1.436965303555294005e-01
1.041296057994710172e-01
6.036647759459553425e-02
6.690281383847360153e-02
6.670132547954644997e-02
8.335839245965324940e-02
1.298496229223209675e-01
1.000958793521714990e-01
8.406820688665282704e-02
5.001089037224006745e-02
1.000230855394910606e-01
7.706208681142667771e-02
1.300879686760622045e-01
7.695128585791288778e-02
9.104116873163098367e-02
5.279093840717085512e-02
1.432602951194979490e-01
1.002295808295009943e-01
1.507922813879836177e-01
9.099401785874219883e-02
1.431884191655917460e-01
6.666923581517067432e-02
1.124806438196696429e-01
1.034131159087797874e-01
7.857972779047431300e-02
7.143647907687247778e-02
3.062251640696593280e-01
1.227956499243576527e-01
1.818710655698787815e-01
8.358902569738493882e-02
1.451858523578255789e-01
2.384555091597907739e-01
1.474731495978798823e-01
1.000329097470220308e-01
5.680844759309437025e-02
1.193036999645226970e-01
5.852462481524700610e-01
7.143717323221063231e-02
1.448351482194822348e-01
8.594046665091614745e-02
1.251489136379754785e-01
1.172932698987780298e-01
1.293019641086959881e-01
3.535292539005013140e-02
5.414458721608341601e-02
3.355573640931567431e-02
7.719452005574842235e-02
5.277568968653560677e-02
5.269482627330670382e-02
7.156704710398302527e-02
3.632757206423502527e+00
6.358405699616373474e-02
6.335785192081062889e-02
4.090349540433239894e-02
8.827630524631648046e-02
1.131817691561474160e-01
5.623743527171286283e-02
9.093014149864292461e-02
5.469222421769896758e-02
6.250123284785505384e-02
4.351442720552693016e-02
6.333311152905041208e-02
7.980514923249503179e-01
4.867876441139069588e-01
1.547981007131116471e-01
9.174177654370317680e-02
6.254587610190218139e-02
1.276930534813839335e-01
5.966817417037700855e-02
7.164169394908222188e-02
7.199403445598004381e-02
3.742005879039003724e-02
1.812590607123066300e-01
7.698402808249961427e-02
3.112770634552067262e-01
4.366137287176676679e-02
6.666924119733756704e-02
6.662244568886878382e-02
7.147225082257803452e-02
3.848138198984060732e-02
5.797497991065025946e-02
7.694965253570748565e-02
5.004921330171848565e-02
1.531293807891597469e-01
7.143844495876064404e-02
1.111185323658480939e-01
7.694364275185970603e-02
7.692644388745425998e-02
1.002980363742255604e-01
4.002322668278635587e-01
7.146008397738144724e-02
1.142339352248080003e-01
2.370909166632125586e+00
5.190081314769559584e-02
6.043061098261860026e-02
6.363270169932642994e-02
1.298352694032089971e-01
3.543945476246811860e-02
6.867584081682254205e-02
5.251935648054836814e-02
1.672998117179283206e-01
7.433533762833367808e-02
7.692591840572718387e-02
2.368859663355385170e-01
7.218516609790845417e-02
5.308372037073198074e-02
5.698282334328724080e-02
4.959882416515880299e-02
1.067279673680097130e-01
5.809712134873266098e-01
9.093565257688038250e-02
2.268113111115685754e-01
5.107771722415475890e-02
8.339399342539216553e-02
1.284067934334433836e-01
3.482869976197636164e-02
7.698226881999474525e-02
7.227014981450906317e-02
6.273350808602960738e-02
4.367539072141880113e-02
7.146913983582163510e-02
