1.830488781296956136e-01
8.635210914873864274e-02
5.095657689100142884e-02
1.010417075243776608e-01
8.438336792383364926e-02
9.097359165710718065e-02
8.553484420525603316e-02
2.697560448463481864e-01
4.991959384769681374e-02
4.214628689873393674e-01
5.905063714142787246e-02
1.012639711882738630e-01
1.183442630534491669e-01
7.710475839649090501e-02
2.153569454068599565e-01
6.252018112538192118e-02
7.699470870777455622e-02
2.262868329118692401e+00
7.145962505362288275e-02
3.684387894699034938e+00
5.003607339492475992e-02
1.003777759059303332e-01
5.670745760809055985e-02
1.738063195063041522e-01
9.097798364559799011e-02
1.224691296748738611e-01
6.672615042136277597e-02
8.352349753410370781e-02
7.700221084455932674e-02
6.176324111641495751e-02
1.003961170061054148e-01
1.000320001880014437e-01
3.244681466409927717e-01
1.300028610278042285e-01
7.143715819561539948e-02
6.918603032949510734e-02
9.119105622203731165e-02
7.705664724177654912e-02
1.318683908528288928e-01
3.366359420868372115e-02
6.301802055967048455e-02
4.734244521650323584e-02
6.668797606500841135e-02
1.114248243256887316e-01
9.025169329988544376e-02
1.542345319965464923e-01
1.114362912792215554e-01
7.703884104415704981e-02
7.176938339607175088e-02
9.112598422197094872e-02
6.208512654337845077e-02
9.460225769275046326e-02
7.824389179721424892e-01
7.703959976071422799e-02
1.313164434636795719e-01
7.156348780008948973e-02
8.633977633277151176e-02
1.001598178586524251e-01
4.567311274286403600e-02
7.254652801904150350e-02
7.808121677330467914e-02
8.334612023529545943e-02
1.112152985123830984e-01
1.413460595787352225e-01
9.627537461573808242e-02
5.006620210836870699e-02
1.913773314141855864e-01
6.827787003242381525e-01
7.489047173243464084e-02
4.293473162811797805e-01
5.235581606799923765e-02
3.476287188832551112e-02
1.248333568627922191e-01
7.180577200760376866e-02
1.055246258332357134e-01
3.577130206499473664e-02
6.722883188288060474e-02
6.262946854691028853e-02
1.254542432119897244e-01
1.430547708787773264e-01
1.430543379807832916e-01
1.428618509577994355e-01
1.000235425976328668e-01
5.908516282620272092e-02
9.095640232510603107e-02
2.501270149016079358e-01
5.138794465256689425e-02
2.478150738927577951e-02
6.252108006955683916e-02
5.892222040972597275e-02
3.792527172213355086e-02
7.144519808999223731e-02
8.334876788152360827e-02
5.658431087586610064e-02
2.507225793530707958e-01
5.265741860210233771e-02
1.461057992730429855e-01
8.183801606913350402e-02
1.432319398682870004e-01
3.050682169981128178e-01
3.734540836428821425e-02
3.634552141644546430e-01
1.967001387989024508e+01
6.668913359542454067e-02
8.398881651528683490e-02
7.703013702446639965e-02
7.145740769219895150e-02
9.096624740055316016e-02
1.280789509349206934e-01
8.334805815963952647e-02
6.670908007473454193e-02
6.963437577503453491e-02
9.105051008293393866e-02
9.096903984976428825e-02
1.465289609203464516e-01
8.529143730218714803e-02
3.006491720329900019e+01
1.330449925670172673e-01
7.165499902938346488e-02
5.580711774505695000e-02
8.387177734222750480e-02
9.541349480383667925e-02
9.171286532199668384e-02
4.570803816490486698e-02
5.561912495447386695e-02
8.335438452614450655e-02
5.900833290128965763e-02
5.003897668755195871e-02
4.550859686073524535e-02
3.338636504183800091e-01
5.888599516576635551e-02
1.136042009848555606e-01
2.872512714192621691e-02
5.277434694876809163e-02
8.266541985478811916e-02
8.785811556825735835e-02
2.563994253359473952e-01
9.111153453707900030e-02
8.355560940297744599e-02
1.731266009290212959e-01
9.344509895125621690e-02
4.546925657004800142e-02
6.261033254692834060e-02
8.335442791112436522e-02
9.093408940050715095e-02
9.890120703695449988e-02
2.209653428791395202e-01
7.896523528462900954e-02
5.559645598721755372e-02
8.333438417762439876e-02
9.092462278994083158e-02
3.848771545465480559e-02
3.145474772256805218e-02
4.313714336480842237e-02
6.261824469462004550e-02
2.879169862110430023e-01
4.365216782817570723e-02
1.022975660710416512e-01
6.932006701313005170e-02
1.122548033032503695e-01
1.008849317170040782e-01
1.429384897849636793e-01
4.168769545541814558e+00
5.937681055850280859e-02
1.010580149438131264e-01
8.543909844598902847e-02
9.146842566580302980e-02
5.886548047076545914e-02
5.559747370177944154e-02
8.391804388639016732e-02
8.495210006967424121e-02
9.516290319714078294e-02
8.333639697190940721e-02
8.580889951451181608e-02
1.134398267847310376e-01
