7.692966370999657078e-02
8.340114133795566154e-02
1.153359631311712402e-01
8.067992429130783627e-01
8.473905019011078454e-02
5.130649974455459700e-02
7.896475093215457597e-02
6.700209429040684950e-02
5.009645128848302237e-02
6.254738159760875327e-02
8.338780019892488848e-02
7.692594768918110948e-02
5.892594389551965295e-02
7.735137489093223129e-02
7.777811691608099709e-02
6.251351649994746351e-02
1.112143773677264913e-01
7.716411900977727945e-02
7.692372128065318171e-02
1.429614446447155240e-01
6.672155256373210608e-02
4.379095138533272563e-02
1.000032687243213314e-01
5.885266136514992474e-02
5.888111057518908426e-02
5.292703309081212698e-02
5.885996429170163580e-02
2.780658263569131886e-02
8.342976788667437471e-02
7.692427027665794947e-02
1.438800743036649232e-01
1.000093943403401325e-01
1.111414649373824726e-01
1.000801327341526159e-01
1.276605533130410197e-01
1.001701395823004354e-01
7.709610088025543873e-02
2.645487310703582007e-01
7.765682342074252398e-02
6.312519242215337834e-02
7.098590310988759811e+00
1.014329277010042746e-01
1.128634584943080110e-01
1.001269994166853056e-01
9.611763282251806206e-02
6.261852104347000181e-02
1.352502123448129367e-01
1.000069405682496859e-01
6.823310816232450171e-02
5.565555853690609678e-02
2.800384083507054603e-02
1.863547172280727582e-01
6.275547889118774370e-01
1.002994537327100144e-01
4.560511216277880059e-02
7.693628633253690730e-02
3.196945261502792679e-02
6.250553589606559768e-02
1.006352646157994551e-01
6.983548328742221478e-02
9.515247639289482751e-02
7.154131925811837989e-02
1.122131090164006362e-01
7.705151782654616477e-02
1.941180401029854730e-01
3.325713775696885222e+01
1.113856631844192258e-01
8.333390168238896667e-02
8.336204091189992893e-02
8.336354379600523223e-02
8.334582973834737951e-02
9.928195543104846588e-02
1.111261853800499383e-01
1.363818556310220087e-01
6.262730364800292437e-02
8.374063865972854181e-02
3.899516760283928268e-02
5.263626594891033378e-02
4.125874417739958805e-02
9.192115932423162994e-02
9.096608387744085922e-02
4.233640814241042966e-02
5.146147466657409630e+00
9.123263252253711875e-02
1.429206237695175019e-01
7.694798398970019437e-02
7.517336504475881365e-02
3.301599316196775491e-01
1.000625760104680573e-01
6.250736321541523755e-02
4.306254394379865208e-02
7.144060572076091353e-02
7.693798327527590075e-02
7.771892273342609347e-02
1.014446525286090972e-01
1.199161293513978238e-01
3.345890575101327646e-02
5.557560326486869068e-02
7.164384264014921067e-02
7.143688305397674632e-02
6.250383866061182125e-02
4.548469909865682920e-02
4.766718305766608210e-02
9.044102834884036601e-02
8.274427864516960274e-02
1.159090122011553065e-01
7.002011292617625615e-02
7.238306055633294545e-01
8.594666941297195162e-02
6.982332614619608802e-02
6.717732822925315261e-02
2.194491857142272240e-02
5.012529150214731916e-02
5.264286909986010121e-02
2.344237080192011213e-01
6.669560731358711858e-02
6.251122660875767234e-02
2.429232496637063476e-01
3.927619656471909027e-02
8.334492725140817126e-02
3.343889892508788292e-02
4.092737095276531567e-02
9.091722607987963445e-02
9.090984078757173570e-02
3.384434335755787809e-02
9.096826653880611679e-02
1.313008666922499956e-01
9.091000453385862656e-02
6.307068000569353294e-02
9.531920356521608739e-02
7.145984220375831142e-02
3.321718442990505560e-01
5.064454325558511577e-02
1.011790524416871645e-01
7.692721276339203884e-02
5.360231273492094273e-02
8.310296738911696068e-02
8.939557254131531849e-02
7.145743273577924437e-02
8.334264546509943805e-02
1.000016495596088018e-01
5.551257228452660675e-02
1.111246946396161062e-01
1.111579055346854639e-01
6.250935569666173086e-02
5.565475963819613986e-02
6.943270978036986119e-01
5.883684713805621691e-02
6.158300853943710074e-02
6.254491098358198886e-02
8.337099559949436023e-02
9.766451362078730492e-02
1.000041567143668403e-01
6.258184153578717768e-02
6.668515686638189222e-02
1.002733673183640317e-01
6.673263844390292521e-02
1.251806221750799142e-01
1.134049799567415362e-01
1.000253836748295211e-01
1.020481066614450927e-01
7.694801663064178288e-02
4.438262724699758799e+00
5.603721901825367269e+01
7.696042768171329485e-02
8.333363172676459818e-02
1.111591811578454964e-01
6.851797614908151923e-02
7.747721610146077187e-02
6.266112498197318192e-02
4.052449357407834907e-02
1.250089179443387710e-01
3.236144216108179095e-02
2.553942486481949881e-02
1.251533027188408420e-01
1.670779448749582785e-01
7.996265828215119720e-02
6.666789075329354608e-02
9.091010071631026868e-02
7.222496576077384878e-02
8.334110131595852400e-02
4.174873869847346014e-02
7.693933172137371046e-02
4.767335305511363058e-02
7.143169386181501268e-02
3.346529378916051484e-02
7.702795734734792232e-02
8.335685102322643036e-02
1.250754010122208659e-01
6.668490976267683890e-02
6.067484911521214830e-01
5.292063134680477510e-02
1.007162576820640754e-01
4.561845650094095705e-02
3.525674146262737507e-02
1.250888126600138983e-01
1.000136240815091837e-01
6.852166633300052467e+01
9.216000917882771759e-02
1.104111619344934625e-01
2.343836524417642064e-01
3.745272894502276601e-02
2.872400772820232415e-02
3.333111644758743330e-02
1.000098471763617713e-01
1.278002862633901560e-01
1.708977951749091617e-01
3.276985249718460114e-02
6.252717944141435169e-02
7.692663550854754451e-02
6.667300030464212712e-02
1.002520593991251541e-01
1.796605383553116775e-01
1.000175937056431846e-01
1.529143901225853142e-01
1.112029744375988838e-01
8.334260733411318067e-02
9.091147917327274675e-02
7.699183311498113136e-02
1.005864828078189416e-01
8.335572173149208286e-02
4.786832716421156597e-01
8.368508245880906804e-02
3.459200737595411607e-02
3.331773167353654225e-02
5.555712137383780197e-02
7.692419837504438362e-02
7.494975662212766121e-02
9.091202059594202800e-02
7.692849368274669308e-02
1.259457556766412911e-01
1.005090196516852663e-01
1.021943527962109188e-01
1.111213448424449718e-01
5.265396258173764277e-02
1.001250235584609377e-01
1.206881800091670620e-01
3.434143921282686168e-02
6.269746350765641185e-02
1.117481719238776344e-01
9.116421827653796439e-02
8.334188677349047003e-02
5.897271167976774614e-02
7.788915520834659156e-02
1.424423111066031866e-01
8.335228776355912972e-02
9.093412108528763083e-02
8.346723696893987299e-02
1.000186520705393517e-01
2.667547780410263122e-02
8.335555214773678057e-02
5.009124616424066867e-02
4.566921543824917912e-02
7.148248538974932842e-02
6.670673458100102871e-02
1.051139430270857794e-01
9.091252883453013189e-02
7.179559242728307533e-02
1.023071349895983279e-01
7.061062595258627006e-02
7.693125300386211007e-02
6.890982836353676255e-02
5.578335736714675613e-02
7.694391146002330095e-02
1.000268104902012345e-01
5.037631835625174664e-02
9.218504205107241889e-02
7.170013625386990885e-02
8.333992044411769884e-02
3.860060802678758063e-02
4.026798098043627566e-02
5.216810409262008230e-01
3.668217097211657229e+00
6.278065010945509117e-02
7.143463523768460444e-02
4.206347101505981262e-02
6.251673725097012246e-02
8.335439622267488968e-02
4.357879979433519624e-02
6.905537610893951184e-02
9.372678750809244896e-02
5.598502930179955622e-02
3.134223936602454491e-02
1.134377514031005563e-01
3.000671538475004410e-02
5.897706029685399753e-02
7.765051946904602542e-02
6.102111540929750638e-02
8.528431930994455346e-02
7.839768807168692732e-02
8.396879241399751725e-02
3.889480144338833961e-02
6.259284616337858209e-02
9.095419362415779752e-02
1.367329385619520388e-01
5.814855109660024834e-02
9.092879299553043027e-02
9.094527825786163922e-02
8.522572950507389944e-02
5.009078636906789950e-02
1.013729453808757952e-01
6.669299100794175150e-02
3.455544100972578192e-02
1.112199667768451472e-01
9.096328640428726076e-02
9.091197107444913550e-02
8.410046869765992750e-02
1.007016451908026855e-01
5.894907458965251840e-02
4.359680073848597875e-02
5.008044777379851153e-02
9.092961955383772887e-02
8.333653153587670948e-02
3.901208035699928189e-02
7.488587102822572006e-02
6.803280159889170398e-02
3.352704772397822192e-02
8.351965384164596051e-02
8.334134879534176032e-02
6.257361941801228844e-02
7.181740791531203427e-02
6.252225697847341168e-02
3.037818228215661415e-02
9.106052825385554939e-02
8.591331474568614235e-02
9.142728075474328142e-02
9.465724827528934626e-02
6.250097487918089556e-02
7.870717699148717383e-02
4.243895733650575597e-01
7.143680809091004780e-02
8.334375739714693088e-02
1.604371867815208574e-01
9.122449219745547289e-02
6.190838704466369857e-02
4.664058939841225077e-02
1.001099218743668473e-01
4.815535266656832680e-02
7.941208300539817633e-02
1.000268905523878094e-01
3.856629109981114106e-02
1.671950761821817677e-01
7.715030664427441343e-02
7.693319411542573483e-02
4.767469087771820241e-02
8.338510535300847071e-02
3.104686290508815866e-02
1.429232912569700087e-01
7.692667028102435911e-02
7.233027232480142288e-02
3.514784196408710093e-02
9.112894161578243002e-02
9.189061399476554370e-02
8.361721593979466738e-02
1.264327796487025313e-01
5.924797989347744404e-02
8.681051574678663729e-02
8.477309351543414750e-02
5.882399432257601896e-02
7.147312568012791079e-02
1.000759369213884697e-01
1.331970084460722292e+00
5.947379233764348710e-02
8.717444014049824386e-02
7.709961799567598140e-02
6.668415383950766773e-02
1.111125689103127923e-01
5.829347585709602347e-02
2.959334599360140539e-01
6.668105169793674125e-02
9.268006279532430003e-02
1.001696863159115686e-01
1.000096845654541572e-01
2.685272852133579330e-02
2.902830799407106824e-02
1.000246612488736864e-01
6.344128224845095587e-02
3.864657345046385722e-02
1.253504152424793072e-01
7.149435147709161387e-02
7.179680219047894496e-02
2.660361554931813810e-01
3.154672141530773244e-01
1.112368538345038099e-01
5.884321020681044373e-02
1.030676615829831527e-01
4.017558179659989209e-02
8.334154700003425231e-02
1.723279799308226334e-01
6.672950303208977085e-02
9.091993371526439771e-02
3.884335914637662007e-02
6.717899010366208679e-02
1.000220126341860027e-01
1.000214688713508826e-01
8.333826953708541041e-02
7.694199743828231131e-02
7.701781347417153978e-02
7.697900669096933990e-02
3.544505144759677040e-02
1.004955238239679804e-01
1.814043558836653525e-01
7.564895317958772458e-02
6.251971714419246595e-02
7.704386111858751995e-02
9.091204213833080361e-02
4.595192299304715067e-02
5.659927541571385667e-02
1.001495925188904679e-01
8.334226169017333596e-02
7.144521811608746387e-02
1.000589426280831667e-01
8.339506034174082316e-02
1.250824140240114624e-01
1.469737792239123320e-01
7.692627685796370185e-02
3.281213822360086463e-02
1.121797844908706682e-01
7.718167608748358055e-02
1.111120453892384674e-01
1.039745784210225343e-01
3.123742919656106176e-01
9.378796750967180462e-02
6.259299841432544587e-02
7.161270262577368317e-02
6.263327525313826249e-02
6.667868369410835661e-02
1.268648541830798560e-01
1.111379276497149599e-01
7.710792343953142003e-02
3.266428695288187828e-02
