5.770584463268178810e-02
1.251629125936243314e-01
1.028842179324811340e-01
4.617521373376833327e-01
6.091547246972982776e+00
1.630482216375245708e+00
8.042848580471176345e-02
1.043427719780703339e-01
5.087067308642691188e+00
5.477118863478615263e-02
7.178853805461074544e-02
1.113183918752122525e-01
6.260668733567142930e-02
1.000039845325451371e-01
7.151696131447420057e-02
9.092189681283900649e-02
1.002058523493097597e-01
1.076274649071554956e-01
5.707659080394664880e-02
7.632192052247303848e-02
9.091796386855399703e-02
2.952394743901016194e-01
8.343104974585514866e-02
1.019590012388430778e-01
6.326726956523827383e-02
6.664731460648300188e-02
6.697701714975505538e-02
9.101421498632325524e-02
4.779382034055885270e-02
5.015980004813384852e-02
8.726173812313907374e-02
4.233115965637757050e-02
9.113789277294470637e-02
1.465316835832938813e-01
8.586782637140936980e-02
7.587706654523546090e-02
3.176807341151017261e-01
1.015071237019244954e-01
4.796967088132268048e-02
8.608026326048545673e-01
1.001253182187773483e-01
8.337569202646154254e-02
7.162757292014750032e-02
1.179194436428398496e-01
1.532788849912511686e-01
6.980258287570574594e-02
1.131472311262956970e-01
7.318579078988099451e-02
1.007195090816035421e-01
1.000311878392884657e-01
8.346386013723790243e-02
1.135519144150817089e-01
7.095640040546644101e-02
8.342834361076413574e-02
8.610570658425160950e-02
7.707623392772577908e-02
5.204197955179771379e-02
7.147728353744191299e-02
6.745563669554711927e-02
1.256924768127862819e+02
1.347358183357478811e-01
6.174905367866388023e-02
3.980654364651833865e-02
1.141189805301804916e-01
7.173992153288970275e-02
6.387830326961407845e-02
8.344322991633242037e-02
1.670795323334667293e-01
2.417944287275683557e+00
6.950621214766507239e-02
4.733978182761317682e-02
7.197808617206349346e+00
1.082647385547777924e-01
1.447352287213747868e-01
8.691484146725297899e-02
1.227067289553635115e-01
7.708328422078139508e-02
6.666895003650813445e-02
3.319538082769106779e+00
8.765659482453934392e-02
6.674975193885719638e-02
6.695482750926243232e-02
1.174696652552343484e-01
1.002418284258945053e-01
2.028051445115594653e+00
3.355105918695144851e-02
6.551020518413813720e-02
3.146197881480088110e-02
3.193090904293136023e-02
6.791993864189062313e-02
8.335937283317725044e-02
1.487622663795216682e-01
9.134056681393348809e-02
1.124025386934693199e-01
6.675484105639739596e-02
6.143679680880256844e-02
1.741213645545301336e+00
9.902137686755678458e-02
8.388844211998471023e-02
1.157046254191055196e-01
1.476484289062403865e-01
1.110940749250949738e-01
3.934389624556660081e-01
2.087233746315116656e-01
3.127940407751213236e-02
6.557119422907984330e-01
1.801604721341066861e-01
7.949262020444111676e-02
9.128215938403255736e-02
4.864126590266713152e-02
9.051689893668569964e-02
1.430244780301933860e-01
7.145123640091834150e-02
1.113743153724894713e-01
1.391382090491142254e-01
3.680109311964022134e-02
9.119293236040880435e-02
4.525406484183464723e-02
3.344980692975326603e-02
8.113096590130858266e-02
6.677080312480540569e-02
6.678667986958733427e-02
1.265475126843867981e-01
8.172206140030070509e-01
7.910873854578877318e-02
3.334536207046088774e-01
