5.574525806852787646e+00
1.112266530402130360e-01
6.675070543425577763e-02
7.693199435081531090e-02
1.431005118077829652e-01
6.276977863004483404e-02
1.682952210111168245e-01
1.775903087764635901e-01
2.474537184351367214e-01
9.369762196094202911e-02
1.343017715107090171e-01
9.642688907498930817e-02
7.693499721005185588e-02
8.333424639608000284e-02
7.473249258241990156e-02
5.613502198303984420e-02
7.704476330841984744e-02
6.591244321615973512e+00
9.092643668818935210e-02
9.190610511917267356e-02
4.565564305882354595e-02
1.712448185742103113e-01
8.357625598669919664e-02
1.156500377550893355e-01
7.146994980837176326e-02
1.126577044629786528e-01
9.583972962693636244e-02
6.968324800497489377e+02
1.260523167216461848e-01
7.788792930013658244e-01
7.701015322349205605e-02
1.571308148530014023e+03
5.683106351043579196e-02
5.582338972674670552e-02
6.279971267958230075e-02
6.019131880691703795e-01
9.594469247784986887e-02
5.617427917172068685e-02
1.005477408103802039e-01
3.544009995064106189e+00
1.132395866569376741e-01
6.669379609652852092e-02
2.398838523684190349e+01
4.255533215629210830e-01
1.159015556348641507e-01
9.099575197240153401e-02
1.615741885820842771e-01
4.198627671353691998e-02
7.145500159393879114e-02
8.449928597371698935e-02
1.137348404859486739e-01
6.056725353321638222e-02
7.698743911418394481e-02
7.693683821891320052e-02
2.789326017759053908e-02
6.919991648774902193e-02
6.256634685329869050e-02
7.197753445754184742e-02
3.034686698488694295e-02
1.619814289092191828e+00
6.733288338500534320e-02
9.124431106726303697e-02
3.314201817920944926e+00
7.157537497754255795e-02
6.267996315125379247e-02
5.970054462509855747e-02
1.112385585492953605e-01
