1.517348890520493210e-01
6.288012268074609501e-02
7.755545573640153234e-02
9.045239363590740211e-02
1.007724319713260847e-01
9.100901530943916740e-02
1.111870777469032290e-01
6.330529330158909951e-02
9.119021762513619678e-02
8.871457574403499580e-01
7.171484465422349464e-02
3.636351412018459794e-01
7.991011612595684543e-02
5.237128374109670942e-02
9.093589580842245668e-02
7.148124687757741180e-02
9.100494342327358765e-02
1.001275559493487038e-01
1.002598863416137992e-01
1.002589929639564198e-01
8.346134098788436650e-02
1.495463150525228324e-01
4.779016733113124887e-02
8.342166881345743079e-02
1.046046581132429737e-01
7.203836801869474560e-02
4.957632651844413180e-02
1.251571168660543798e-01
1.000013339003422985e-01
1.029883395680685348e-01
1.250014927591364677e-01
7.716475336111580652e-02
9.686336362188083249e-02
1.001114372382128498e-01
9.682141119837552046e-02
9.531654967504919751e-02
9.524129776147520487e-02
7.232682310223235989e-02
6.050220557690188378e-02
1.114469125911790037e-01
7.699491173623140838e-02
7.725130341890620866e-02
1.119437905950457224e-01
1.370199749802628320e-01
1.016725105735652307e-01
1.413381509764288779e-01
8.333917356061169845e-02
5.967790452137894386e-02
7.656654631498031049e-01
1.004338508988068535e-01
6.302366835131159584e-02
1.046356981002944664e-01
5.994416194298266692e-02
1.013557116833455340e-01
8.740415602127533934e-02
1.686995802590780247e-01
7.354091259533969804e+00
8.338525962812280701e-02
7.702616739632474341e-02
7.703785027662789220e-02
7.843150217256916745e-02
4.365691790418017859e-02
1.904432119798405154e-01
6.863726093217619173e-01
1.431275096573695060e-01
1.429019017048479834e-01
5.337349842036065439e-02
6.711921122703179421e-02
9.397037403232320896e-02
7.193601191071152812e-02
1.000263625721675986e-01
2.068873314838491351e-01
6.269201583004198330e-02
5.265554994615149337e-02
2.298030547249051647e+00
1.016456735128218186e-01
7.144467285611251495e-02
1.005436759993375978e-01
9.094622952557590567e-02
1.001050083180419908e-01
3.819588809767404669e-01
7.693093512870545492e-02
1.356534437550024896e-01
2.015747717157253405e+01
1.114649104154049469e-01
9.335574048980370410e-02
1.111273512643158046e-01
2.009584814414107912e-01
2.010000118147785009e-01
8.784256625014646991e-02
5.905562755943855047e-02
1.046616084476636593e-01
6.725059690325092820e-02
5.556473276359208402e-02
2.110374593553393296e+01
7.694550682822481891e-02
8.335608552333922949e-02
1.288741850977860592e-01
3.053636101642697720e-01
1.000783491273668779e-01
8.902532769978206773e+01
7.780709159423677967e-02
1.123718771346698120e-01
1.252953397466814445e-01
7.770241618185821930e-02
1.250146497845531779e-01
7.717095275867238979e-02
1.020897135165819147e-01
1.290668709995233254e-01
1.111889869046112783e-01
1.871849696711330169e-01
6.516428798851947590e-02
5.570884796621127649e-02
6.744040629196677850e-02
7.750612626847884490e-02
9.101671940189817733e-02
6.741571319996847445e-02
1.252281586940476588e-01
5.575990408558980427e+00
1.130366720059665930e-01
1.268328566313673134e-01
8.334493427240668995e-02
1.432262681139312155e-01
6.262047894814057325e-02
2.323001637467868308e-01
1.411394790269222543e-01
1.885997939691853031e-01
