1.921821800531602897e-01
8.361688160208398390e-02
5.004238198993134906e-02
8.389628523997107179e-02
4.132734565861441445e-02
2.290348252988619326e-01
6.766735468985020374e-02
4.052727127853780753e-02
4.551291873022120238e-02
1.250183929825683660e-01
8.495276607767283938e-02
1.561455791091768130e-01
2.645497102731726446e-01
1.501745050133590498e+00
9.097381158780258603e-02
9.108478289091416491e-02
1.010126058041502101e-01
1.266888910651089717e-01
1.108573317731362380e+02
1.429142888910657772e-01
7.409290376881871865e-02
4.351606921138973655e-02
5.897407656257227376e-02
1.345615289714978124e-01
2.624800396154984838e-01
1.396440869670976803e-01
1.000072448173359996e-01
1.775005876624302092e-01
2.503321609332531672e-01
4.183815938777657450e-02
1.046277361141564610e-01
2.275668325386217994e+00
6.296387335465927770e-02
2.791730883800430663e-01
1.052232858674757160e-01
6.287843962656906871e-02
4.353870206165636608e-02
9.860640703469133461e-01
9.092079252752389984e-02
8.407296886334769681e-02
9.238916235303749891e-02
5.885258941299703617e-02
8.176398811825744128e-02
1.465222058272993289e-01
1.637598738830504941e-01
7.146979382315651885e-02
9.810531508573480663e-02
1.134125603792733306e-01
3.819306120517173664e+00
4.397536777303073796e-01
6.256520991812741794e-02
8.349049058712480764e-02
2.188503264440676277e-01
7.351688753487203853e-02
1.437504665409906068e-01
7.967425347783652079e-02
5.759356340397157881e-02
8.975244389016634461e-02
8.131075767537204735e-02
7.690890876867777592e+01
6.800819285565620764e-02
7.975133852073816587e-02
3.288159263748287042e-01
5.237900965768896855e-01
1.099373259486916332e+00
4.367027163743020246e-02
1.532442994628870347e-01
9.463460801701313585e+01
6.677886600121540894e-02
7.207772742227805396e-02
3.688223834945174584e+00
7.961913155473235859e-01
2.709069678586617957e+00
2.018316893941529884e+02
3.933168284643107776e-02
1.901009278552015180e+00
7.938134342385887443e-01
5.759455612172609956e-02
1.002864320857286273e-01
4.680462236344868493e-02
7.845794740280213897e-02
3.254670746800764763e-02
5.412261008821545039e-01
1.667057179916441534e+00
1.493181652156467365e+01
7.934624736150933111e-02
1.507143315631684910e-01
6.035303980251850720e-02
9.354235887930795190e-02
1.545202393165666654e-01
9.101557019464130704e-02
6.678047563916592044e-02
5.274174619550918430e-02
3.313574103977474233e-02
2.004950383791609114e-01
1.112562345930208363e-01
7.698662395980920836e-02
1.267489220937750849e-01
5.667112570817800510e+00
3.819640038878718835e-02
4.511939404200092874e+00
8.339892887988485659e-02
8.346685883021208452e-02
1.111695685755288293e-01
1.183633618782183039e-01
1.251303216733720414e-01
1.187609279130558276e-01
9.618539275677563671e-02
9.118675693631340951e-02
6.298129477908714913e-02
8.720835048132839162e+00
2.366753512299444029e-01
3.226879086453089229e+01
9.377475516566128322e-01
5.912298512556316693e-02
1.111447743625782608e-01
7.729255797260227434e-02
8.369839289563256457e-02
4.041542867261782024e-01
1.077929747884041750e-01
3.394098245469039739e+03
1.634939023945367254e+01
1.048211963250282319e-01
1.310143105751948034e-01
4.587733026558710875e-02
1.250342128023970711e-01
1.739049780585246452e-01
1.530009662867561460e+01
2.792027827675369611e-01
1.180676849896842573e-01
1.111695287167641655e-01
4.378171054428087877e-02
4.223140900732959974e-02
1.892828163993320878e-01
7.144978426733919474e-02
2.963168214883368790e-01
5.885796000622951774e-02
6.408676223850475751e-01
4.216105387704504465e-02
6.672661413437096234e-02
5.709319707572878960e-02
7.146689116376363227e-02
7.170846804751658532e-02
5.093762992686904495e-02
7.749174085867666095e-02
1.225762540318947325e-01
9.023619721295182694e-02
4.253916990535987486e-01
8.550162730212966522e-02
8.503650801704508433e-02
1.852505997448767594e-01
3.409382411928152390e-01
1.250223762370624436e-01
2.453720205828237577e-01
1.112777267101734968e-01
7.720018375772430552e-02
9.370573710666016409e-02
1.973873405166552741e+00
5.889257013320275957e-02
3.567320194832274693e-01
4.524579773154467632e-02
2.173376058025647539e-01
5.272163617571497957e-02
9.132352872078949857e-02
1.039837561829942275e-01
1.025077315524764165e-01
3.122462692407941831e-01
8.337335283990550405e-02
6.522572658880596008e-02
6.982144015821385719e-02
3.931529350423181024e-02
1.341608345418870085e+00
1.388369414838693805e-01
7.186885759460408252e-02
4.551418668368648751e-02
7.164996609798225669e-02
4.162894782290420259e-02
4.623715375682160150e-02
1.621866602051347250e-01
9.091420066401610656e-02
8.333933986414256145e-02
