6.421099803577970389e-02
7.183450585978969072e-02
6.709465702386473163e-02
7.545130286528271835e-02
1.689891584495802346e-01
5.263604366292712333e-02
2.012428569772342912e-01
8.289774276205882919e-02
7.168617477703689844e-02
6.390525504048391592e-02
3.145524186804730948e-02
8.388322652161245285e-02
2.126073115147257830e+00
3.171753989138951901e+00
3.058558889571060327e-02
2.107610035181305130e-01
1.000335176398398918e-01
5.599119208931965797e-02
5.579226894208692139e-02
7.695456900724315097e-02
6.686241506276370539e-02
7.719256309547849193e-02
9.150213524617738237e-02
1.121706740479269521e-01
7.090315831329827012e-02
1.114190086449824424e-01
4.608218233419524718e-02
1.250598736089301721e-01
1.255821558164255669e-01
7.697641143440897560e-02
4.091944846175010198e-01
9.409380284104472414e-02
6.332273287562960318e-02
7.693890097198120837e-02
9.091059616338964533e-02
4.598847393913536763e+01
9.076129049501815427e-01
8.932365644334883825e+01
8.689938424960062802e-02
6.812570367735047705e-02
6.347861247977909516e-02
6.209650142535359796e-02
7.695360234022115276e-02
4.548822599051772358e-02
1.146371690650630909e-01
8.351683949334659518e-02
1.158664310091141736e-01
2.986013539904774916e-02
6.695389942235528691e-02
7.759837122135457288e-02
5.893030803086399955e-02
2.873332855178216752e-02
6.266337518558627584e-02
4.332212120424147606e-01
8.345184255221220482e-02
9.175801580773113031e-02
9.153791461493460124e-02
8.374750945186115736e-02
7.719673534212011246e-02
7.692583251397346056e-02
1.864630139756113891e+01
8.406770797286577945e-02
8.337958021105136563e-02
9.095698418513661898e-02
7.143632031100670410e-02
6.684536707667852740e-02
1.409862884840262232e-01
