9.053421300151853757e-02
8.340269964624909271e-02
9.092256305055909649e-02
6.682023785977395103e-02
5.608844358526490770e-02
7.708278802472934288e-02
3.611740936863229445e-02
2.127521161273442096e-01
1.429040742987253976e-01
4.027307536563701218e-01
9.160930989206637898e-02
9.327160220532357271e-02
8.581199686467601284e-02
8.135421845498377325e-01
8.333781601607510858e-02
2.745518004499257828e-02
2.706731569051167963e+00
1.722598470979713747e+00
6.237925883149776640e-02
3.552995614556701820e-02
7.428382016688382661e-02
8.455553855703622224e-02
5.761626522240985704e-01
7.280370277669633017e-02
9.194674343183827092e-02
8.525108275727387441e-02
4.579245137777891994e-01
1.000929603962674996e-01
7.258328205717544390e-02
7.549807917207982388e-01
1.466609833980812017e-01
7.154760866337249448e-02
8.400604929105894014e-02
3.119211733184482860e+00
1.119743929190292059e-01
6.567453334651113250e-02
1.113740808436355229e-01
1.237344430418369362e-01
1.001652375714028598e-01
6.546863877914112229e-02
3.942909216994997745e+00
9.159982157798776670e-02
5.128791764447142298e-02
1.894547095292732664e+01
8.813513134138639682e-02
5.686114532917063702e-02
7.147446444381619357e-02
8.349638331992804974e-02
3.906154257455513701e+00
7.695086869610380520e-02
1.437141483237863449e-01
8.335453050706560785e-02
1.173056007789063382e-01
7.714842300283598908e-02
6.360543829200404620e-02
1.667624479802047588e-01
6.308852160781054652e-02
7.693815676946751114e-02
1.065939073444891194e-01
6.200145901269354248e-02
4.241976033508398219e-02
3.259536432029614406e-01
2.103978790916443964e-01
5.579891844532991474e-02
5.934166963566601255e-02
7.729010208807739202e-02
8.057900276996672606e-02
1.063369445879372432e-01
1.019856012185903493e-01
8.417163279806046117e-02
1.037536477182165795e+00
6.079497976683746752e-02
4.887193781978155932e-02
7.146047078788010654e-02
8.339641048897078468e-02
1.273515898940078273e-01
5.276822651424172006e-02
1.050742188914120384e-01
7.725952679455463934e-02
9.784759209879137498e-02
8.336183619543706402e-02
1.866901710974166129e+00
1.545016376514479761e-01
9.130392766166051111e-02
6.266753312249315200e-02
6.255161082058574573e-02
3.498589929113732211e+01
6.069799128609260075e-02
1.814359365425020076e-01
7.508183711957165662e-02
3.703990666932568260e-02
3.730339840564742815e+01
5.976521047924131941e-02
3.957303581928905967e-02
9.144602174134829065e-02
1.054134671009764990e+00
1.202075146740503725e-01
3.613730862555904477e-01
5.004692078007130090e-02
6.251130809416494127e-02
8.333502485945974703e-02
8.343234513240184447e-02
1.000003066445543098e-01
1.626790190867944519e+00
2.140460571760517960e-01
1.821507072995575960e-01
1.430479506427397851e-01
8.349054278048040345e-02
8.997241493506367149e+00
8.335080966157755455e-02
2.005656251906658416e-01
7.175933065476589046e-02
7.925153203087109688e-02
5.046451191332584907e-02
3.969751117156119502e-01
3.880314093146655652e-02
1.680421318265320763e-01
4.247334347323166526e+01
1.287371675084776346e-01
3.912239912514395845e-01
8.354793325533386994e-02
8.333979914694546187e-02
4.604728862180300086e-01
7.745659089939947728e-02
8.396509859966518052e-02
9.092085993477115602e-02
1.117493963459916945e-01
2.154282191650330469e-01
1.418712523882931009e+01
9.115582659003738930e-02
1.434836865712895981e-01
3.092593149124854168e+00
7.178227357347317927e-02
8.335254374307360381e-02
1.048781628029437918e-01
8.347612275258908809e-02
7.145380720926088058e-02
1.441147448128960451e-01
6.790598900799832416e-02
6.777722458123497384e-02
5.282283766542741205e-02
9.657769450451657300e-02
3.932413311942062339e-02
8.401785062049603459e-02
1.255606970898070218e-01
6.667040560206169419e-02
7.190535358220685735e-02
4.762374587235217227e+00
7.146239829160691559e-02
6.252626445368962560e-02
7.212887396574203802e-02
9.508366931582355741e-02
9.480689111997563090e-02
3.127546611760317887e+02
3.248695572019807964e-02
9.725583251495789616e-01
8.341770436122748766e-02
2.476674191980070550e+00
