1.548794635194803959e+03
9.111070719085626046e-02
7.197213176588171391e-02
8.358872916809088893e-02
3.338014554439827748e+02
5.898524295567207643e-02
5.867416077249263534e-02
1.003615300896764095e-01
8.906623777554576691e+02
1.369794610193423023e-01
5.679824046980234964e-02
4.590193725597729326e+02
1.111915212660955360e-01
7.053667482379952958e+01
2.653900573579554020e+03
1.013208064022425442e-01
3.891813432269972850e+02
1.006600149869898014e-01
1.000044161182771785e-01
1.767974030814609068e+04
1.865816912970410704e+04
4.992079085669274718e+03
1.111148636966711317e-01
3.705271766280732182e-02
4.040143756126214625e-02
3.879991451030929602e+04
9.354185542969216394e-02
6.668330453675716529e-02
5.921034241817150351e-02
2.539188994351501606e+04
4.728084828655114791e+01
2.356647852986926850e+01
1.019666725112341743e-01
1.250085106008527180e-01
1.435944388804642202e-01
1.250173134209117132e-01
5.475545549250090289e+02
9.091845514145427409e-02
6.845363673731937049e-02
1.692077499306999799e-01
7.224983608203552898e-02
1.166242457127195514e-01
1.428868698611444332e-01
4.307680917016509738e+03
7.402853554787846406e+03
2.652155510116226651e+02
1.250076203821328114e-01
1.111189790489290202e-01
2.508032472002387145e-02
1.251635920165888316e-01
6.251797378085416357e-02
7.152669547931075900e-02
1.142322830352432150e-01
4.990142728970261743e+01
1.923415160053568798e+02
9.125103474123220926e-02
9.091349416980855358e-02
8.629710141381662092e-02
7.153422216447959114e-02
9.113237393486456339e-02
1.252598227212206872e-01
5.264895524723472997e-02
8.338478898981144249e-02
2.133635138371438311e-02
1.192259071176477846e+04
7.153540489170602534e-02
7.732302775463842370e-02
1.905598320717512979e+04
8.483383276806924187e+03
1.428760429361057294e-01
9.091219883511253430e-02
5.006406547130672069e-02
1.003788224687756775e-01
2.226877455593266495e+04
6.251836360048421137e-02
7.145619306533644577e-02
7.705465983409302833e-02
6.610125855814704892e+02
6.158718285716747687e+02
4.762555445121890302e-02
2.745706951370678871e+04
7.693150253448284570e-02
1.479007342753405683e+05
4.349567731452139152e-02
3.609483748204034441e+02
8.511208036443707897e+03
3.186349775710844483e+02
3.077648071086288087e-02
1.151014775493041931e-01
1.434392980965484010e-01
7.693477222837404039e-02
6.715168261609746878e+02
2.001985032555868016e-01
1.252279491707904702e-01
7.693568200062816942e-02
7.143778505953916891e-02
1.111150310595643564e-01
1.429790388933336598e-01
4.526691396874721395e+05
1.027718170938102249e-01
7.695240234526248835e-02
