5.909321249040627028e-02
1.616883032804629011e+03
1.250097500187050403e-01
1.250429120155622242e-01
9.097843073866694608e-02
3.566272048742269476e+02
3.705203388718703722e-02
3.910929091791200790e+03
2.020243717221479756e+03
1.111408132208245997e-01
1.959172334829199372e+03
4.265536709868928483e+03
1.676906212443451116e-01
1.973059210864943816e+04
5.892399215108157229e-02
6.839123319282598459e+02
1.181437741630718108e+02
1.111300547751480211e-01
1.253404879514052050e-01
1.438677120507984297e-01
1.112743432591706411e-01
8.633893876750625695e-02
1.111156134159393544e-01
9.091238741460926087e-02
1.000061187833938270e-01
6.551191379210427403e+05
6.667811615758949262e-02
1.119218715520351459e-01
2.086061883446971577e-01
1.111491884422105142e-01
1.112089466477992339e-01
1.113943026745271847e-01
1.667244791138081439e+00
7.153494703466986571e-02
1.302392851122753470e+01
8.335029983762626271e-02
2.000451794213452261e-01
1.250089993298273972e-01
1.250880265047076001e-01
1.111683286842587576e-01
1.307292399772609637e-01
1.666835574539351217e-01
1.403572236128084461e-01
2.056828077310030312e-01
1.689405668417015838e-01
3.572992698498157760e-02
1.000357678829141006e-01
3.201406286977813487e+00
1.250762222534230195e-01
1.946913553260890767e+05
8.616152827676827608e-02
1.000598553580999139e-01
3.147932831824161948e+00
1.122533954272531276e-01
1.000486170718944134e-01
9.996039861605702299e+02
6.819424289295822339e-02
7.692373855011681860e-02
1.279034066320420789e+04
6.079068678825521460e-02
2.643363852142521092e-02
1.672492882679028903e-01
1.088063208388185558e+04
1.667172125930968807e-01
1.742255700736809187e-01
2.230459631623780297e+03
4.176970874381671223e-02
3.350007272293804572e-01
3.710993659370934665e+02
9.883119534367028336e-02
1.428769019640075133e-01
5.564627755649154128e-02
2.471954051375641029e+03
1.666834403073455817e-01
7.134554978552411220e-02
9.097295155487962470e-02
7.238320766447698406e+04
7.597813038939296715e-02
9.092142478098778902e-02
1.847090686897371048e-01
2.491469708132395317e+04
6.599075350984423949e+02
9.333329135237526664e-02
9.102448658608394694e-02
1.213959396595793772e+00
8.336335455289700658e-02
1.007353748684849809e-01
1.680851948704205900e-01
1.004120081770115969e-01
2.290460312790479293e+04
1.017410317926834978e-01
6.981019173784172381e+03
8.021743177667522984e-02
1.428585449460716139e-01
4.249949475576641038e+06
2.637741493341448293e-02
5.709208837054944524e+03
2.000450748281825120e-01
1.271219112436615395e-01
1.111561124486604157e-01
1.113349109627715522e-01
2.756636924319943864e+04
2.502450863379707124e-01
6.134326756103182561e+03
2.000383011256866295e-01
2.001327802879399320e-01
2.000008109053469096e-01
1.463798900051064833e-01
1.428698934176297619e-01
7.146173454522454505e-02
8.335459430987272877e-02
4.668605699619736427e-02
1.668089640842242982e-01
8.723478723984323668e-02
9.103171985088952256e-02
1.177088836484076889e-01
6.794196235860411326e-02
8.441435684724896138e-02
1.290269561752386153e+03
1.003811787867100874e-01
7.146300890445356213e-02
9.104367962092338451e-02
9.142584220237881532e-02
1.052979939599920228e-01
1.001550971679059376e-01
1.259921227565452273e-01
4.768591344943051524e+01
2.297862417290004087e+05
1.253837212967395809e-01
9.091601747467671635e-02
1.309589265033475614e-01
4.240890670930911256e+03
1.428814980871326024e-01
1.250136067986709620e-01
1.509324169646230257e+04
1.429001724150180952e-01
4.688250709365898956e+02
1.111217280638839289e-01
1.429667635792149782e-01
5.556102528986485434e-02
9.093304537650649666e-02
1.112135299346839884e-01
1.299007880011322502e-01
1.007555946090825383e-01
4.524365928514285770e+03
2.000288322461417911e-01
1.111239912971812849e-01
1.673629753704294065e-01
3.226022398928049952e+05
1.111124284275721297e-01
1.250026456496889371e-01
2.016911599057592102e+05
2.038037044329397247e+02
6.086529483287373296e+03
1.564552486047113833e-01
1.176751602264490687e-01
8.808014208827533366e+03
1.666885871658747298e-01
1.429230207611898174e-01
5.644811871564150351e+03
1.111926647828061221e-01
1.111155415865792695e-01
6.778094983504715287e+01
6.242192951451161935e+04
9.091732354289701334e-02
1.671969561142692129e-01
1.250071554166228560e-01
7.721706276382057921e-02
1.792807977965452937e-01
9.186968847947465933e-02
5.666615407036964825e+03
1.269402808205819244e-01
3.140710279676478649e+02
2.453936126943839918e+04
3.859627475112982486e-02
5.201368267237476175e+03
