5.583037565524722606e-02
1.842707861068006159e-01
1.000114155911503155e-01
6.250286533100730957e-02
5.590610076716499149e-02
7.144264769930698533e-02
4.224513614209512991e-02
9.846148240922683592e-02
8.333663335142288409e-02
1.252232191696924513e-01
6.258308278604601815e-02
3.181074448261905774e-02
5.034187281304693812e-02
1.436736833126353030e-01
8.381826033939582254e-02
7.732233009589260797e-02
7.143585968748500381e-02
1.113039878512679520e-01
1.256024097290696639e-01
9.286225437890101297e-02
9.091067281439327297e-02
7.128542761184041010e-02
7.759376690716904279e-02
8.334102525422577845e-02
9.101897435920727752e-02
1.000010077635248018e-01
7.143164708039562161e-02
6.667205699963220378e-02
4.005752031338642716e-02
8.334030724762735154e-02
8.587515058185066219e-02
4.763062079534059051e-02
7.143491100660870341e-02
3.031544518739829816e-02
8.338199321244053885e-02
4.458023791693011689e-02
7.833753367730268702e-02
9.092935083094122461e-02
4.770512177699585271e-02
5.882911747842908129e-02
5.913511709588101933e-02
9.176127863097964521e-02
7.840027472706824485e-02
8.424860954800404700e-02
4.084048725201115670e-02
7.151041444083185150e-02
2.988859853536032785e-02
5.884074798254393390e-02
4.202816640607617837e-02
6.667043447159397285e-02
5.883854667846741965e-02
4.552665496380050442e-02
9.103178420454702269e-02
9.274775069302182429e-02
6.536636815305948978e-02
8.348812378753482644e-02
1.556171760927343439e-01
7.694919138416400628e-02
1.263432086064845417e-01
1.250426380869897047e-01
6.252918635566717676e-02
6.286763553617748246e-02
3.717851588029291027e-02
7.692962678601363014e-02
7.692883472346369322e-02
7.144159444244266299e-02
6.262759065359105315e-02
9.091059937797005275e-02
7.146463004962221033e-02
7.362387279837287468e-02
1.113418461345985211e-01
1.000324981090536108e-01
2.394780252608058255e-02
5.568608660587364562e-02
4.547550597949733681e-02
8.497227805683353896e-01
8.339223350464362861e-02
8.344570463697387197e-02
8.336087805455927313e-02
7.175730423753491627e-02
9.092368905309258786e-02
3.556401322471732657e-02
5.914463250379167758e-02
9.093856808023687011e-02
2.835373536519910850e-02
1.111208919927121896e-01
1.105020962625959807e-01
1.258551389905067652e-01
3.488309425144833775e-02
7.267971658722605088e-02
8.360540391269903615e-02
3.246729384091024545e-02
1.000097150267270918e-01
7.693571741948238008e-02
7.166600251068049043e-02
1.120913516668570614e-01
1.429150648230147203e-01
1.116367781045546070e-01
7.184568532978917454e-02
1.003029997687509833e-01
7.337136469421165486e-02
9.119041652826166688e-02
2.955427909214030160e-02
3.263091973363205917e-02
5.892885425603077570e-02
3.511295437685000437e-02
7.799084526645551352e-02
6.251785221280006799e-02
7.749551244154925800e-02
7.196482319612582113e-02
9.092602855213019475e-02
6.250036425566891929e-02
1.454972776966865500e-01
9.099617783343458277e-02
8.355692817138878070e-02
1.669712916910045808e-01
1.014372419404320491e-01
9.092412087940394960e-02
9.476830617581234739e-02
7.696044182701583525e-02
6.258519100747414465e-02
7.251091758818901944e-02
1.430874473746945319e-01
8.057605155626901272e-02
8.333661032454896256e-02
1.253026097551107054e-01
1.009513850394948981e-01
8.337325137248589868e-02
6.298596182073255834e-02
6.666730907539362982e-02
7.862155386792837874e-02
6.747866263606687454e-02
8.376823370241870403e-02
1.458983480924886111e-01
3.626758625335096270e-02
6.277274449259716282e-02
7.144111500504800316e-02
1.252955714829253608e-01
9.115342354301611549e-02
7.746229387555964019e-02
6.675410959854945203e-02
1.191834669522077311e-01
6.777511243579918687e-02
1.003842816439375341e-01
2.178399983711080345e+00
1.251153089016052711e-01
7.143080215014532830e-02
1.111142840369792051e-01
1.666832860087222867e-01
9.094028132461896841e-02
9.133686212337895072e-02
7.157791815223533971e-02
5.301511784677338107e-02
2.844638542590022939e-02
1.000354179284615591e-01
1.012957122714676361e-01
7.694788899732316056e-02
1.631186008653718045e-01
7.933210890732284026e-02
7.829459180996677092e-02
2.617302776277631304e-01
5.555685781752901092e-02
6.251327269935284814e-02
1.106535121114161913e-01
8.613446518285182429e-02
8.340762027608916718e-02
2.550356917887161567e-02
1.000144498545812999e-01
9.113527227716811119e-02
9.104858365648316187e-02
4.070833775228929752e-01
1.694284498420990104e-01
1.077665411295223724e-01
1.141061569262861036e-01
9.257582715689989528e-02
2.979024481222380255e-02
1.279207641475755830e-01
7.855534915477442592e-02
4.762346949831417625e-02
8.978637758696893234e-02
4.451787578574970677e-02
1.111914095130478314e-01
3.205125600892432675e-02
7.143848516859996334e-02
2.805095270137502456e-02
1.112418497414348478e-01
8.335533612411299975e-02
1.111160015963755937e-01
1.289543458446787694e-01
5.884808463958721841e-02
7.696164640146960223e-02
6.356771820442455589e-02
5.794536306214474047e-02
5.263252528675656239e-02
6.666771323285977657e-02
2.632114491544889495e-02
6.884684970832140316e-02
1.449713194688844464e-01
6.255666897915369840e-02
1.129563391894304047e-01
8.333785324409624662e-02
8.341901157310845083e-02
7.170397592286410771e-02
4.661537185596094368e-02
3.341593311316856663e-02
6.251093215728827091e-02
7.225881050410985773e-02
6.751232468894777239e-02
9.133617222526230206e-02
1.112208042299977495e-01
7.143524462650437112e-02
6.252033263624832971e-02
7.143726705728838111e-02
5.556952966896718665e-02
3.004374051327893258e-01
1.250663047839952191e-01
1.986695990576412552e-01
1.250063455012969671e-01
1.176592446548006543e-01
7.718660952158103161e-02
7.696815766467553221e-02
7.431446906622588000e-02
9.385944755797027972e-02
1.257915142158878841e-01
9.132481327866438792e-02
7.708179395959215141e-02
4.037416610160656644e-02
1.436099912595159567e-01
6.674179803696352054e-02
8.337078560069122179e-02
1.430627177536425154e-01
8.334551042207134774e-02
1.546691582220990901e-01
9.094139805652808051e-02
6.267793628960888208e-02
1.001075340177814965e-01
5.574022700574278455e-02
1.293474136914250505e-01
9.091541767345524827e-02
1.123102365700478777e-01
9.091932312053771503e-02
5.617448905878072440e-02
1.250714588696577589e-01
1.001056684899129801e-01
3.449945757613405439e-02
1.114005659842094431e-01
7.143820105053159952e-02
