1.000058667564950599e-01
9.091197871345563231e-02
1.423508004200946531e-01
5.464533204648385212e-01
6.815498782938123057e-02
4.371421934110572693e+03
3.243278895336185741e-01
2.500525139167938948e-01
1.000021636161785576e-01
9.101297823694717848e-02
7.828977890856972377e-02
1.000624490942358530e-01
1.250051797992929870e-01
4.181873054232043002e-02
1.250389370354107188e-01
1.582808393256270318e-01
1.667455178959449669e-01
1.006637893087744262e-01
1.001760190596845818e-01
4.395163184857152373e+03
1.111391951530814187e-01
1.004378430404522654e-01
1.672494343063120337e-01
1.431733596634891803e-01
1.000034040933683588e-01
8.335495106097802476e-02
1.019636109901416057e+04
1.111620595570099179e-01
1.634914147446640527e+04
1.111655700819495496e-01
1.572825659434185400e+04
1.000137176113994331e-01
1.429303240069863257e-01
1.734278700087760808e+04
5.887495125689269637e-02
1.414886124308119690e+02
1.428583132383813292e-01
8.383972883016223288e-02
1.436231625676860912e-01
1.113018952702183734e-01
1.254318526161576075e-01
8.501838975149572653e-02
1.250056465395378291e-01
7.746158625866642056e-02
6.488534248142162342e-02
8.130368036944937704e-02
4.313467342306818864e+03
9.093346308530506072e-02
6.250215062154676482e-02
1.111223596830473864e-01
1.429317620010284173e-01
1.250383755444636202e-01
6.290526473949335923e+03
1.821977535694681137e+03
1.002690119532005097e-01
1.428947308764247359e-01
1.111152871388206703e-01
1.145123334250885139e-01
4.932931308404611627e+03
1.429010445973702415e-01
1.367941902289741392e+03
1.453705373686117464e-01
1.250154569695198503e-01
4.169410985004241149e-02
5.394244042732608477e+02
5.884449043148529124e-02
5.555971679702297050e-02
1.250015765471120532e-01
7.435320230982736120e+02
1.000386317275863551e-01
1.428633965121270388e-01
2.162894979241186122e-01
6.667287527302727390e-02
1.250733961358281576e-01
6.681132765178778021e-02
9.109860689389114030e-02
1.111197263360954035e-01
1.025267314968137111e-01
9.094022905602726359e-02
1.436106653807221190e-01
1.111125360843420035e-01
1.111553788908264812e-01
4.413549433645007957e+04
2.360584066562251560e-01
4.838904459323095653e-02
7.466086922398647403e+03
2.507103073949941141e-01
8.333869523919733291e-02
8.432912825059579731e-02
5.934472184978760445e-02
1.111510728895024336e-01
9.267216388164238594e-02
1.725661184477072230e-01
4.426469198358453511e-02
1.111189988466083356e-01
1.000156119824278933e-01
8.076980869306365094e+03
6.254153908903464787e-02
1.666803164292522954e-01
9.238334563533415349e+03
8.339438803254362043e-02
4.552156085830421262e+02
1.250738654804750827e-01
9.147247883112333278e-02
7.302469068087388826e-02
2.641524356013607394e+04
5.268881146646318264e-02
6.193374345826551108e-01
4.877494715374146836e+03
1.252043960085048036e-01
1.428685634977280572e-01
4.204471788465255488e-02
1.134960035167491832e-01
8.386789222707029257e-02
9.098492632248002254e-02
1.250544407611693665e-01
2.603462075068667036e+04
1.666749608806223082e-01
7.428861651614763832e+04
1.196897403932230680e-01
7.693872349052634230e-02
9.092706109549821003e-02
4.765680122330329810e-02
1.428672958721088071e-01
5.758435090708371312e-02
5.835277404558489311e-02
8.439286732758702783e+03
3.002258828179785066e+00
2.097444244784731349e-01
1.667466612880576238e-01
1.573927051078554996e+03
3.758098749158378632e+04
1.250224063689751863e-01
1.000225553034918002e-01
1.000236553326538103e-01
1.429520209452255219e-01
1.000254333731599721e-01
3.847109317335492506e+03
1.000669083173292701e-01
1.111767664460990290e-01
1.428598401010034435e-01
4.303986825092222830e+02
3.981602795635075836e+03
7.692355907369430312e-02
3.150195328978641385e+01
6.438404217987916400e-01
8.312111187264275941e+03
5.559478862062532806e-02
7.693426973891333287e-02
4.870281430026127055e+03
7.749947276715548696e+02
1.111560953086498937e-01
1.111146403297844365e-01
7.703240880948596103e-02
8.999261282512310572e+03
1.111554618607127481e-01
1.429406992058544490e-01
9.107098336480244638e-02
8.334526114530908802e-02
9.093320367649174174e-02
1.943655421893914763e+03
4.445186654462834122e+05
9.117587568966206701e-02
1.429370704328108421e-01
8.335855376563222618e-02
5.584985158160538049e+03
5.563255597636234534e-02
5.883182237142994819e-02
1.667243630119643605e-01
2.001353132733099671e-01
4.844046864571513652e+03
1.002877268738694011e-01
1.000427314863262251e-01
1.139405045259324484e-01
1.002393414115632098e-01
1.673442189615217679e-01
5.911138480748074492e-02
1.000256927850939476e-01
8.338731421039013991e-02
7.416219300735180098e-02
8.314448397574251970e-02
2.004690860880328496e-01
1.000463912187483234e-01
1.428625230078747754e-01
1.770554981300173358e-01
2.500202508795172363e-01
5.822303603259780402e+02
9.631819671833734275e-02
7.465505605164304836e-02
8.337356748130748951e-02
5.566910571855468448e-02
4.553303146929012918e-02
9.094538020915098053e-02
1.111286804307741877e-01
1.446690914680599238e-01
8.354028742382967054e-02
1.961859549480643864e+03
3.109014149318455322e-01
3.208571404507731586e+03
1.004966985144751801e-01
9.091521599293644895e-02
4.602962383506453009e-02
7.693576327793705261e-02
8.340732972160981584e-02
8.352645423299907834e-02
1.430521883725737187e-01
2.000320827632160459e-01
1.250011285702647412e-01
1.111460716900237178e-01
9.091266056345106983e-02
7.959693875478761338e-02
1.111357605944308519e-01
8.334674197722106992e-02
1.612320705272755276e+03
4.170504283195111683e-02
1.428623080119985345e-01
7.147616160063109680e-02
1.737091835799251527e-01
9.095702268301462945e-02
7.708322487655917821e-02
5.895755839093836520e-02
3.336115232219468568e-02
5.882760721209143173e-02
2.925222943711189600e+03
6.022479309729674574e-02
1.428775622521440414e-01
1.012077893630081854e-01
9.092428855628544027e-02
1.024432527174557184e-01
2.018600104595260070e-01
7.143209753312204646e-02
2.967675706241578882e+04
1.430401091101720368e-01
1.114557408887281997e-01
1.111625873230218248e-01
2.265695563669127832e+00
1.018971979780162185e-01
1.250695925854816148e-01
1.250182602934996889e-01
5.187302491884441906e+02
4.866065285460133964e+03
1.783698920017069145e-01
3.596410406801513887e-02
7.148284789761781555e-02
4.471785206193174417e+03
1.159129090971848519e-01
1.111286312200256976e-01
1.252401441500719248e-01
7.694398997802744111e-02
7.724688362167025923e-02
8.433251235942029780e+02
3.230291816267173272e+04
2.511748194920915580e+02
5.976576748341406314e-02
1.365737243295015446e-01
9.102371467994610499e-02
1.250023385103603557e-01
9.096013363149596520e-02
1.428677345820179301e-01
4.103587637248510146e+04
4.315193347158150282e+05
1.112614543801174194e-01
4.690908544812148473e-01
2.743404924586217817e+02
3.334724274419900159e-01
1.250062518564768466e-01
7.704179735648387928e-02
1.033923625297322360e+04
9.103154444940840528e-02
9.092468573529885467e-02
3.375178245462097104e-01
1.255198964117267557e-01
1.128843828280597789e-01
1.441903961395489819e-01
6.667967800425188274e-02
1.250468333102371654e-01
1.251916423087499342e-01
8.338363943920794330e-02
1.428775765947736809e-01
5.682075661745818707e+02
1.250331690586151401e-01
9.686435211497700948e+04
1.111264283134936887e-01
1.253862325776882725e-01
7.808325884237783612e+02
1.111793060658470278e-01
6.666943500274488676e-02
1.111375286755052205e-01
1.002232339384170751e-01
2.828099974155900281e-02
3.551029515132352737e-02
1.111863688757335905e-01
8.335458877532052335e-02
8.668034327548189422e-02
4.698353902355861464e+03
3.010528229489720252e+04
1.429005546455402731e-01
1.111281604312977511e-01
2.011734987937849328e-01
1.848467032463564641e-02
7.705487412497230570e-02
7.698400712970993043e-02
1.119324428460796439e-01
2.280855542588400056e+02
4.778652353397265870e+03
8.604945335749834834e-02
9.189074200307408014e-02
7.144756042634767268e-02
4.185452365516292850e-02
3.240391503703977660e-01
1.477875745133176155e-01
6.309198432956929226e-02
7.706615827294291399e-02
1.686092777505865115e-01
1.250172017732864849e-01
7.697168657730200925e-02
4.389300453091756935e+04
1.250028770242089249e-01
8.340099032428803516e-02
1.113546462177298774e-01
2.410786766942583578e-02
4.008570653203149398e-02
1.269800778812201492e-01
7.352418298265286467e+03
7.154472534575380405e-02
1.350616729680258477e+00
1.982901502395241948e+02
