4.188353941268330161e-02
1.690562874676644067e-01
1.001563226388264838e-01
1.111360398112618969e-01
1.250705453948333934e-01
2.700399578757206200e+03
5.868201628236057559e+02
3.702916988310887836e-02
1.080254919905664792e+04
4.217295965047530154e-02
8.348792788720434122e-02
6.669273025200683769e-02
9.114180213656847274e-02
7.850788438699705940e-02
7.284861107026878446e-02
9.093672189201179590e-02
1.429058740174015685e-01
2.013373606203662514e-01
8.333975763376806623e-02
7.142713938904263204e-02
3.499338814444607237e+02
1.594429678958065924e+05
1.001377120508924329e-01
2.005655851816652846e-01
4.521062082236428081e-02
1.667673420345296698e-01
1.082959873429696387e+02
1.428895956847345550e-01
7.695132779126620526e-02
1.434059040586578015e-01
4.560325472729833546e-02
7.019305706515311613e+04
5.281298585994609329e-02
1.123202908224578689e-01
9.104239420451332165e-02
4.369298688068336961e-02
4.355782717291584172e-02
8.334813666831374090e-02
5.267199224856017326e-02
1.699249169272479820e-01
1.003181919634597852e-01
5.591089110664683448e-02
9.110131700928338072e-02
1.253543181806807405e-01
1.431640787911997170e-01
7.702285747531813220e-02
1.448363735088925019e-01
3.144580102058836815e+02
1.434051365609223250e-01
1.666676312764275580e-01
9.098210551317688355e-02
7.699395295313196663e-02
2.000059861312311060e-01
6.747495023014928039e-02
5.571181060642022703e-02
4.216298054701130699e-02
1.434298948684861463e-01
1.250863487991085432e-01
1.114110043959614660e-01
7.705893512187983463e-02
9.464379266021589501e+03
7.171327808249650104e-02
4.069865313381625799e-02
2.489773580039756780e+03
1.111795701612784265e-01
2.001397426532081636e-01
4.012662415590478986e+02
2.043676105876031954e+02
2.097324024200138410e+03
1.430328578813823415e-01
3.442525525275694690e+03
1.428961633121060559e-01
2.189467548838059429e+03
1.250386813412994458e-01
8.279912252458199873e+03
1.071891479038930993e+04
9.101824894178545122e-02
5.024099089940071983e-02
1.113428928914776267e-01
1.295500509017531166e-01
1.700618671690750094e-01
5.267348037696096413e-02
1.000523771458952521e-01
6.256033278626063621e-02
6.669038593084507249e-02
7.693610546960141794e-02
1.836734734626545105e+03
2.247008272736508439e-01
1.012130155358582639e-01
1.691293781192861388e+03
3.474673541176990788e-01
8.577390294627777745e-02
7.563995808326508268e+02
9.112222836643092683e-02
1.667722734365426340e-01
6.270471092043414241e-02
4.258816303965473935e+02
1.111476541119101324e-01
6.694602540490750264e-02
2.319065690878786279e-01
1.500293691207073152e+03
1.112157217170449547e-01
1.428583352237405568e-01
1.956777764700721178e-01
2.019012119833162387e+03
8.355484127872163380e-02
3.571519956604578272e-02
1.429761420914271997e-01
5.002564175713466316e-02
1.009653575310033302e-01
1.600391829853975989e-01
1.679868187830995951e-01
4.802386817040635833e+03
1.386307679666779757e-01
1.432777123812294384e-01
5.940482249114435731e-02
8.503147726585815462e+02
2.751641335477766115e+05
1.265876626774095903e-01
2.506832604929411512e-01
5.557476386088755493e-02
8.333432806493128175e-02
1.000014896753672194e-01
1.250180449836398311e-01
1.001200054665144917e-01
4.869463403456045919e-02
6.250487916153592283e-02
8.476181334459104155e-02
8.340258947696584102e-02
5.629604552551666086e-02
4.514812393598738316e-02
2.410711807414646357e-01
9.099452837657245885e-02
1.000880979293743839e-01
8.333601628558838514e-02
1.111222288732786889e-01
8.339202883602460370e-02
1.111341579148066305e-01
1.111598696594104235e-01
1.256710500309154710e-01
7.148790143342310943e-02
2.011632943253119643e-01
7.693885343023897094e-02
6.781904374577732431e-02
1.037554795340077362e+03
9.091300773954227865e-02
1.289249752821255470e+03
1.001647697036337492e-01
1.765720248950540554e+04
3.731593558350280364e+04
7.694951867682477131e-02
6.250427317315560005e-02
6.770981385433950950e-02
1.000592404036933364e-01
8.341012078780039862e-02
9.147243607268876198e-02
7.999575568825772507e+02
6.666904870411172190e-02
1.441014342878032817e-01
1.012536299760811859e-01
1.082669351390738299e+01
1.465139893459711240e-01
2.722950891263115409e+04
2.512767191290347646e-01
1.428661301928670913e-01
1.000340972504083770e-01
1.002262005392834804e-01
6.945523915018135312e+02
5.002949378036978395e-02
1.250148752872085600e-01
5.026259357329765365e-02
6.762713060893042749e-02
8.348234838178521244e-02
4.591872299983953964e-02
4.191803648168689750e-02
1.428605175744254996e-01
1.076007914224817432e+04
6.250212464941917734e-02
6.688424150200131257e-02
1.486164215919593135e+00
1.003008006178831846e-01
2.834672918631752509e+03
5.556659588998903720e-02
2.865519723126490337e-02
9.819273900336145289e+02
3.265178783217426144e+02
1.113142943350270003e-01
9.092324525244079025e-02
1.951399205275337408e+03
1.000649899040429586e-01
2.298372980422039473e+04
7.305298600530150954e-02
1.430740538363025893e-01
1.139999515586828693e+03
1.029398088443882386e+01
2.184933468721663985e+02
1.111268880814095111e-01
5.002839023941994118e-02
1.439957151548554304e-01
1.430048914206226152e-01
1.165033916003939822e+02
7.696976098347872719e-02
6.673689809843835752e-02
7.697544180604104502e-02
1.667346592655929161e-01
1.777669751575066126e-01
1.385226918272830232e-01
1.156799427207457071e-01
7.692701116366471026e-02
1.000149238780533023e-01
4.076367142248118398e+02
1.111147096782951482e-01
6.539162919237313645e+02
1.250603477895436688e-01
1.111378456592092695e-01
1.342659247432858582e-01
7.708761011230730320e-02
5.227683472662365602e+02
8.351043050807621659e-02
1.615641894173884566e+03
1.454957598448780864e-01
9.099423024827633932e-02
8.577213599898046714e-02
3.069429461112450099e+03
1.692998486825048019e+02
8.334724036333775177e-02
1.112209726880773186e-01
9.099738684889752127e-02
9.694114788795710638e+02
1.010885223413741374e-01
2.500176845006422122e-01
6.252381917018623447e-02
1.212962845005112058e+03
7.128891578635156157e-02
1.300252578077770449e-01
5.575261289263847703e-02
5.959076581902656572e-02
1.047970697421575004e+00
9.297669300279999549e-02
1.001334582874685991e-01
8.035798374551080997e+03
1.002652619133630463e-01
9.115832501362931828e-02
3.686068594067087312e-01
8.335172044585824336e-02
1.000028076651934966e-01
4.169625193053894119e-02
1.250047131960722036e-01
3.442117870262023303e+02
7.692573164352552173e-02
1.252138563418191408e-01
1.004737695568690137e-01
6.668363794663124955e-02
6.668432857244914469e-02
5.883048347202929351e-02
4.168978479722226099e-02
8.336093424323116896e-02
3.923103951542779300e-02
3.751349501004376252e-01
1.431988052321221949e-01
9.222718107988941982e-02
8.336291611216856134e-02
5.365006176383235470e+03
2.312591136747507790e+03
6.257246954477738154e-02
1.000260745397757445e-01
9.093682010997942988e-02
2.781034432081370966e-02
1.112756826552721012e-01
2.967047004347270200e-01
3.737619285062408744e+04
7.150822491990285745e-02
6.680129907363567543e-02
4.316063068369881128e-02
5.968295207433906013e-02
3.908128520059559378e+03
5.627039551297138148e-02
4.779842666585312067e-02
9.091813174971949407e-02
9.102149915668515667e-02
6.260071284460662355e-02
9.454500317112354835e-02
1.113556438494415352e-01
2.512678955757762789e-01
1.428768191865082138e-01
7.144378014788535514e-02
1.000818197878993593e-01
4.034898210688745166e+04
3.912474246914317277e-02
1.250266708577678354e-01
8.334768201867913395e-02
9.643374065651682940e+02
1.428571876857011591e-01
9.103617994249750545e-02
3.572810245948894459e-02
1.250288962847524166e-01
1.000343761193508707e-01
1.258457718521902580e-01
5.757492495958537802e+03
3.451731938333162543e+04
8.425332128693940881e-02
7.144269848733433848e-02
4.426176845471910259e-02
1.671670822788169914e+02
5.001404962050259861e-02
8.338725129115807932e-02
1.428936163263030135e-01
7.694306465041592102e-02
5.408542312929102991e+03
1.671305729885518288e-01
1.893005887390037606e+04
4.349618394421413126e-02
4.359430253570134584e-02
1.001926293159369763e-01
2.002142382640064113e+02
1.250227868901567507e-01
2.642271396444967309e+02
7.173971573232615362e-02
1.116924346600357970e-01
1.349742798752099588e+03
1.254954970290353689e-01
3.849850989996146666e-02
8.337577235806081788e-02
6.669017869215473904e-02
2.510553228810506334e+04
2.004759513351980771e-01
1.171037686036825870e-01
1.011394974028032578e-01
2.505542807989389331e-01
5.580772744405795493e+03
7.716741651396935575e-02
8.353222022878943609e-02
6.859502994739072324e-02
5.882494583725651760e-02
7.148395967654563865e-02
9.122985493988707006e-02
1.028620967841999573e+03
2.006357604709955444e-01
9.097419623491788399e-02
8.334049048297044460e-02
3.361844252058845961e-01
1.115571180922354799e-01
6.703668338911986211e+03
5.263860041437129489e-02
6.252471752089264201e-02
7.608763504706413187e+03
1.057963390892388816e+03
1.000549511572792899e-01
1.456771756276331320e-01
1.911133203134711411e-01
1.250093651952328411e-01
1.000044645471500210e-01
7.272266995501218412e-02
9.091419693996222184e-02
1.667037273876261494e-01
1.430258687368669845e-01
9.092591820233600353e-02
5.301056258867192783e-02
1.899391467002773425e+04
1.250115577880296369e-01
3.597294439431921731e-01
1.743409848036371612e-01
1.134023758718878255e-01
1.666879597562786752e-01
1.250440455276617402e-01
5.024714643403690673e+00
1.431541725452813441e-01
1.111303316359759097e-01
1.410549404033228371e-01
1.667645400257102561e-01
5.277097395750914022e-02
4.230524184110885813e+02
5.562364630410580185e-02
6.672343231567008648e-02
3.822238935031483376e-01
1.474566633853088661e+03
2.507899404946807922e-02
1.005318903783867235e-01
4.018727110042120271e-02
8.677168415842660687e-02
4.447700826361442523e+03
9.094390085024807446e-02
1.430892318723936685e-01
1.000011175551104720e-01
9.335670363633680191e-02
8.073669288746698840e+03
1.250038369596565835e-01
6.671524276322925162e-02
9.108914498689578421e-02
1.001029676728459467e-01
7.704172417897450775e-02
1.428901801975306085e-01
2.007879148514196410e-01
9.092062114034721310e-02
1.117003690205674998e-01
7.522510994398724870e+04
