7.179145934685771113e-02
7.342449431414665995e-02
1.003593721740778238e-01
8.354941857374035052e+00
7.578979366383144234e-02
5.904096066333104631e-02
7.147883265311885670e-02
4.512359910868038448e-02
7.702914718337054711e-02
5.031074382479049090e-02
7.128791034831909179e-02
6.803687374921944808e-02
1.126326765882832703e-01
3.844285911896262037e-02
3.432041919262674323e+00
1.012752455599211787e-01
2.591095313489701069e-02
6.599166395265322338e-01
6.672218422621684075e-02
8.464180970305061613e-02
