7.719788316983684784e-02
6.978022029530830950e-02
5.891355914358285123e-02
1.264189436253432275e-01
1.003622608412646222e-01
1.460058130106942909e-01
7.085725372542689415e-02
7.696931973607183675e-02
1.568312930013490147e-01
4.561544212647394153e-02
1.000125091395895616e-01
4.424316597672463963e-02
1.404592266861136585e-01
5.425441616403965661e-02
8.446623659639056203e-02
8.947844455602910196e-02
7.946857580108748764e-02
5.669369995838658971e-01
8.333868072436846630e-02
4.768067464463941751e-02
1.467371313650938647e-01
6.976710793524716625e-02
5.012713556767260659e-02
1.112485660557429867e-01
9.096409197505944677e-02
6.726613964992339545e-02
2.911852951776024989e-01
5.921824575970906224e-02
6.341228705474952210e-02
9.105082071518175169e-02
9.968813128493483888e-02
7.163864199034457314e-02
2.057879140796044504e-01
2.981219339105976862e-02
7.143559735190384286e-02
6.393529390487075192e-02
2.194941477322374102e-01
1.276071075245696074e-01
3.053587019479689357e-02
1.961676670237385844e-01
4.396031370048079229e-02
7.190151492001961575e-02
1.250358859132016387e-01
4.155041641815809816e-02
1.000253534816980955e-01
5.904576095102918171e-02
3.906314282364077572e-02
8.599863634303107907e-02
7.143872095134833067e-02
5.920139420541746522e-02
1.404414445471375283e-01
1.250631137943807591e-01
3.866557944957199622e-02
9.093422241877421874e-02
5.557369017150074614e-02
3.889414736015588958e-01
3.353147651137426688e-02
4.352300929430539395e-02
1.133853039461289458e-01
9.448142441933625457e-02
1.421475365287407089e-01
4.742868963856981118e-02
