9.190818558893530665e-02
7.768904918776588231e-02
9.110543708775732663e-02
7.698612499291350442e-02
7.981725114167968760e-02
1.037491396162144308e-01
1.002197361809455955e-01
6.285375492764559702e-02
9.121490146525580711e-02
1.299959314176087899e-01
6.250947306298855477e-02
1.619377984814599769e-01
1.053167389762422745e-01
8.690004674549990649e-02
8.738620148227914386e-02
5.558224650501403935e-02
2.822173624588869778e+00
7.150490614602912631e-02
1.026917064943225072e-01
5.882865766690531517e-02
7.090434649513949195e-02
6.673939012002574889e-02
9.532917150529282568e-02
3.155894910327629033e-01
6.866312309363807598e-02
9.461138649729973482e-02
9.858782423084570812e-02
2.085753892812723664e-01
1.150630035049847177e-01
1.111728323456932510e-01
1.147566531817532098e-01
9.161750297929244224e-02
1.125159101829346225e-01
6.703925862683454695e-02
1.098616765895845671e+00
1.630827921946962134e+00
7.767659143244544373e-02
6.282736199529984078e-02
4.427757749056328296e-02
5.342171474588736785e-02
6.702946293807125755e-02
8.419262654261085166e-02
1.259249449698541801e-01
1.175128438090650290e-01
5.500193433521938929e-02
1.266015260719385305e+00
7.742971719208718850e-02
1.239133652568283478e-01
7.752753541290845207e-02
1.321405193237100706e-01
6.700681971254217328e-02
8.019334720288580354e-02
3.833165153141973591e-02
7.768136219717117208e-02
1.000099540725924718e-01
4.707792566385492899e-02
4.221599106045029193e-02
8.051384151044867210e-02
6.250884351354324409e-02
1.139338415795589643e-01
2.046139413623647429e-01
1.112723783985105352e-01
5.632940242279753373e-02
5.990798828110371899e-02
5.598274655951577389e-02
6.260236718221229291e-02
4.006727775547053172e-02
6.776497683175576603e-02
5.557301625132978623e-02
2.278318192445045298e+00
7.144039439797940372e-02
6.942998904928844306e-01
9.091441334394539941e-02
7.761731307211894304e-02
8.455005670451942734e-02
9.090923429303560122e-02
5.321162902495203684e-02
6.679740237453044016e-02
3.737014884856306590e-02
5.607952866527235458e-02
8.388377308739441984e-02
9.723739079856880130e-02
2.904615654667445090e-01
8.336316617523858996e-02
1.148945112135817403e-01
5.544057770829674325e+00
2.823240226758042676e-02
8.142668178702392456e-01
8.210851764920696905e-01
4.141776332309615172e-01
2.319808258819896774e-01
1.495778545967260398e-01
9.396304632687763059e-02
