1.484594428996110216e-01
2.238724005725467037e-01
2.132151502850438529e+00
5.945992744073961417e-02
8.533312675602006125e-02
4.945140897911198125e-02
7.858717511253071608e-02
1.694809209102483283e-01
9.804155882358511764e-02
4.386268955721933649e-02
1.000413942642976173e-01
7.781719412343025832e-02
1.117417123902588738e-01
5.345713207514738663e+00
8.011425194961709073e-02
5.236990527282293223e-02
1.656356422776156245e-01
6.946868872161023056e-02
1.230439000722154674e-01
1.452280495678154593e-01
9.126257357941175430e-02
2.453492100466664327e-01
4.052496701684469432e-02
9.482313820035050134e-02
