6.227047304413722145e-02
2.810768200824008689e-01
7.151699768223405973e-02
1.244222522023827465e-01
1.000786803572434047e-01
6.238594776284429599e+00
6.981194910629776040e-02
6.762162946319355550e-02
9.093514037193485555e-02
7.149859972298999722e-02
1.079477335447633690e+00
6.153176769749601149e+00
1.042529482788993045e-01
1.002984158477450427e-01
8.725323142666187304e-02
8.336023124399298545e-02
7.143256491421114129e-02
3.268955080227203130e-02
7.697057980724132664e-02
6.667766175213918345e-02
1.070235462439412116e-01
4.785947647667043725e-02
1.190721863626006960e-01
4.773584622618171069e-02
8.413767490834062057e-02
6.668215121963691483e-02
1.510304280870635174e-01
7.600867170910833970e+00
1.059166561041523930e-01
7.250291004695685615e+01
3.099662331594336268e-02
3.259905367818475425e-02
8.770180571639236977e-02
3.385686684024515058e-02
1.251325559570423962e-01
1.129076135969063199e-01
6.993903985421655312e-02
6.252711071461515557e-02
8.333692488750980842e-02
6.250988462480656926e-02
3.965210434437781151e-02
3.092070965953002126e-01
7.980874203126688826e+00
5.883588334426025773e-02
5.131961515010431685e-02
1.574103873024718658e-01
5.263667908625833253e-02
7.149806322684362780e-02
1.515590267591685747e-01
1.488788540364312894e+03
5.715272874136938241e-02
6.520337934644328470e+01
1.070624996828613701e-01
8.380410881663781508e-02
8.334577084196891084e-02
3.643473622032337295e-02
8.333587698226224694e-02
