1.025246277949839746e-01
4.913200000673876957e+02
9.094696209449137314e+03
1.360886450583808083e-01
7.295611855819114644e-02
9.158072623087364084e-02
7.449377321475177496e+02
3.119272525207188664e+03
1.844414937273573059e+03
1.022477028460599468e+04
8.099609299863157197e-02
5.275070540914246521e+04
5.816416435380347139e+03
1.891400798930717428e+04
4.711697994563758584e+03
3.994617533363691564e+03
1.743589108721240336e+04
1.304945895459885541e-01
3.310346330625559403e+02
1.151396629747566622e+05
4.983827623958708273e+02
9.960161475158696476e+02
3.889272725010437171e+01
1.223811715419578832e+03
1.018350370191663939e-01
3.895556888597465149e+04
4.784911150826963444e-02
4.420405159382231795e+04
1.102241277074737081e+04
8.366742659012842143e-02
4.598763614849909337e-02
6.753436775781071488e-02
9.128649301518039494e-02
5.984431922555727423e-01
9.133663221391863772e+03
1.150748252932212927e+04
4.185488361536270077e+02
3.060033549484243665e+01
6.271835916602239158e-02
1.576899789610903645e+04
5.488042247903767930e+02
1.373457971001440228e+03
4.683872780826841414e-02
9.447951879374415218e-02
2.693096507288562407e+02
1.051219949895739632e+02
6.592813317898458990e+03
3.366939557942701526e+02
1.154066340465187412e+00
1.108690151860491460e+04
5.644550197268416696e+02
1.121123210405108317e-01
6.672374209412892943e-02
6.697819401223246132e+02
1.338631284365654938e+04
3.561002927293350808e+02
3.629206866065129816e+03
4.961197107627274818e+04
2.305231785557953383e+00
7.213496029092574645e+03
8.722160177217604087e+02
5.683577550662608928e+02
1.506297418565171938e+03
2.975222177733126591e+04
4.921423850722584575e+03
9.014230789846439107e-02
3.833476250388951303e+04
3.931685604337913276e+01
1.728757513753807871e+02
2.918482301173138467e+02
9.091825668864023102e-02
1.383370018132779251e+03
7.143730805394610250e-02
1.880626661399994077e+02
1.054197907708356863e-01
4.937461817527947278e+04
4.922285927899368403e+02
2.423794748189400536e+02
8.333893937787066608e-02
6.403858100621377162e+03
1.518451840170520484e-01
1.293776470041856555e+03
1.749093382622891795e+03
7.987526841612192584e+03
7.694388447249768392e-02
4.453027731569134118e-01
3.860119117098346123e+03
4.241959283598226160e-01
1.884575511150980674e+04
4.996362498655565105e+03
5.869699337071593845e+02
3.192610254251794117e+02
1.786580916338910585e+00
1.372308827057570488e+04
2.413520962017080456e+04
1.137452384760657333e+04
6.096820590991832711e-01
4.918841398704563289e+03
3.886955874505198381e+02
8.703390691924474254e+01
8.350612272741357589e-02
5.977136701041307560e+02
4.699003719380981784e+04
4.036501574835384132e-02
6.889471739573922605e+03
1.280537610325133983e+03
9.758467760193100560e+01
7.179432445135458529e-02
7.852500448378235160e+04
1.131623653317264910e+01
6.905549267146336945e+01
6.748692613323362366e+02
5.248738333806677048e+01
7.837192060500827728e-02
1.413182355777884709e+02
4.495774570861455686e+03
7.525796989611995741e+03
3.582982317057752830e+00
6.773245507545720102e+03
9.252324393561594479e+04
3.419102377905599860e+04
3.718307931884893333e+04
5.570411569520197781e-02
8.357509960277147911e+03
1.442528629155449453e+05
1.010302905893182287e+04
2.083582837463958640e+04
6.256372780502264530e-02
5.664240778418983382e+02
1.250502968690405623e+03
6.056605015550801909e+03
5.011664879801559437e+03
6.047206442464327480e+00
7.379209441637728162e+01
5.270864420850993338e+04
4.788788618205603420e+00
2.198369903095603149e+03
6.790392849011668563e-02
1.557543472359898078e+04
2.122325757017138585e+03
3.758688465625340996e+03
1.355949624069976562e+05
8.130070852888825073e+01
7.199689987686192580e+02
5.843474334364470997e+04
3.676418510144668744e+03
7.383650608768759582e+01
1.433526879041390316e+02
3.636928997071807430e+02
7.149457634999163702e-02
5.993926197233527375e+01
2.470860662726369810e+03
1.183044551041701015e+04
6.312410285536386255e+03
3.546623039386447712e-02
7.515976317689480879e-02
6.707081098802980534e-02
3.828606303177274185e+03
2.065460039637912269e+04
7.752434888414046210e-02
1.159441758824938233e+03
3.925490663256667858e+02
1.555917741285578018e+02
1.114591566726938487e-01
2.341715001124613991e+03
9.432799372520442205e+01
7.085103088575224683e+04
5.831735946612814587e+03
3.246028796987471878e+02
1.324361450684648389e+03
3.857373905117711956e+02
2.100365027806515573e+05
1.447117739101767256e+04
7.194687670901679655e-02
6.903912221255928405e-02
9.202149874988961586e-02
2.725461647003695198e-01
1.710658362727784834e+02
1.068226431332920945e-01
8.076661267894633123e-02
1.296681101029588390e-01
3.036388795978066923e+01
6.583254120293507583e+01
2.652327256499089417e+05
1.402173106413021060e+03
7.695559751175053143e-02
9.093270415443358012e-02
8.911749269310530508e+02
9.604653451554178218e+02
1.940226519013630650e+03
1.262002393214685658e-01
4.637677927053892745e+03
3.641267599850874976e+05
5.674571880868486915e+03
3.250003092532076607e+02
2.092267203505347425e+05
3.676910932252417115e+04
8.722440462592156837e+04
3.331151929927862511e+03
5.911480184944279542e-02
1.188466095825855336e+04
2.230313724097102415e+06
1.187186378514622920e+05
9.439240996516988957e+01
4.979147585115075572e+02
5.390164737523317854e+03
6.072252085889655291e+02
1.708396099838146256e+04
5.758904788269254560e-01
8.471985552094061234e-01
2.792392740993910138e+03
2.039561342794111397e+03
2.958224322508401727e+01
2.322615672435885301e+02
1.023615891998635175e-01
1.035433018653723957e+04
5.287574542740073463e-02
7.692673780903463987e-02
7.149046633429947950e-02
2.622670850910335503e+04
8.253944941604457597e+01
1.394923130570455214e+03
1.691506050983615523e+02
8.439922397922682649e+02
4.548530601990987549e-02
4.952160685933202330e+03
7.544509943332976718e+02
3.238811839813055676e-02
2.158749926079938930e-01
1.489008605608557616e+02
1.001483774272019789e-01
8.309324060949404611e+02
3.666503965222337236e+00
1.154947329883344719e+04
7.158561953880437922e-02
7.173487549640858441e-02
3.578640848575827022e+03
3.301039930501127674e+04
5.170560278330984147e+04
1.840070200580067649e+03
1.126496288940983845e+02
4.349045659140017506e+02
3.149360091291678327e+04
1.260968739690898292e+04
6.174753267425073864e+04
