1.154048650086200496e+02
1.608095417579546549e+01
4.868939362888492078e-02
1.000055873296606945e-01
2.175317048252348286e+03
3.414033533575153850e-02
7.719053822562489675e-02
9.179766877226649968e-02
1.007989775284371253e-01
3.120780289991710106e+02
4.215053465662571552e-02
7.144885148283218468e-02
8.579489874824484941e-02
1.034540148615135102e-01
8.362752381015160774e-02
4.613835953384064492e-01
6.261023358928874405e-02
1.166287383474927424e+02
1.265470563076135924e-01
5.925029825062898964e-02
8.339933387256891206e-02
1.429512782610104793e+01
6.261539521171501088e-02
6.749152558138035718e-02
1.179969303770042757e+02
6.518478471734925783e+00
4.615700345366183233e-01
1.993115681047478605e+00
4.042919627846172648e-02
1.699757188674773378e-01
3.904064976594660147e-02
3.226963418607056711e-02
3.251024175755970305e+02
7.373506028773571530e-02
