1.081599412551056821e-01
3.839190317658743717e-02
4.472040969179803122e-02
7.143143899078917280e-02
8.659724346336127032e-02
1.147128862338537975e-01
1.307878062927810559e-01
6.558525163402715634e+02
7.138193267399574327e-02
1.175027801821500184e-01
5.358538932317425535e-02
7.097667268898469328e-02
1.807045795258090038e+03
2.718631233200450197e+02
6.667930559113838251e-02
4.006346508387031297e-02
4.949932131634512955e-02
3.242154853078725500e+04
7.693781827633124071e-02
6.199479879425398821e+01
4.714849151445990174e+03
5.580986596615036821e-02
3.515461389476445220e+03
4.778277609933726661e-02
5.398900692676619656e+03
1.003073274792780911e-01
1.927725822681691514e-01
1.455651307117497573e-01
7.702554761417525209e-02
1.140521826579584397e-01
7.156055618163115195e-02
6.311936798322420605e-02
2.100585528939285140e+01
5.058254525149684377e-02
4.197198300849158681e-02
1.395914751978633295e-01
7.144386918012761434e-02
3.168203058417682882e+01
6.822799993116832051e-02
4.514553556884590257e+00
7.948106157488026291e-01
7.697066065775971799e-02
2.267945494547585383e+02
1.242830965337676571e+04
6.330756456425701284e-02
1.635656510738547897e-01
8.395446267148522212e-02
3.824496646516240435e+04
1.435053185676009313e-01
2.691709310021532292e+04
6.286760758046237640e+01
