1.386116969782086872e-01
2.333551368269660975e-01
5.323017072412060402e-02
5.273593720515178801e-02
1.158429499339719559e-01
1.685383034524434720e-01
1.049874881710665536e-01
6.401149178103070214e-02
6.897666656868357560e-01
3.159755930707920935e-01
9.376341694402619276e-02
6.701188764002920240e-02
1.766041367207485113e-01
1.545147961501541489e-01
7.157872764498855733e-02
1.006424948007927228e-01
6.259150728945112041e-02
6.253396558130105976e-02
5.001170755813212632e-02
1.377330707323775494e+00
6.854669221747027030e-02
7.724208404160730346e-02
4.074873700452615738e-02
8.639706759073452480e-02
3.826389846832031760e-02
6.260036431863078010e-02
3.468997237043957432e-02
7.216320300314049696e-02
1.989165450974755167e+00
4.333768658000022866e-02
7.145217310556144230e-02
7.726272753311368147e-02
5.269305258772989664e-02
9.142374883674615760e-02
1.114988485310149102e-01
6.731407588265196640e-02
3.117854430905136684e-02
9.803441731193225372e-01
8.214303188602936623e-02
9.117138261404354738e-02
1.062315254246160301e-01
4.119170813623489191e-02
