8.358305923887841826e-02
5.776048489249689666e-02
6.253087051478359304e-02
5.559810978670803178e-02
6.261774234813480278e-02
1.303807129447115132e-01
1.581369449366452073e-01
1.006698152228767407e-01
1.003239701129404055e-01
6.423834459884396331e-02
9.006352952050430960e-02
7.707312386108901292e-02
9.102836476110193198e-02
1.134815199662726481e-01
8.334537134848478412e-02
6.402028203781746918e-02
1.000014597133976890e-01
5.050311471209449621e-02
7.742743287319527046e-02
7.147557847378692431e-02
8.426578468493119145e-02
9.284808592584260778e-02
4.179267235016349141e-02
5.270392854772212865e-02
1.703305338324065943e-01
1.097852062932452438e-01
1.017832428166420278e-01
3.844768271846676216e-02
8.692386594162676561e-02
1.339367779171380946e-01
7.146724582490190936e-02
6.284807909367243206e-02
1.294694334574099104e-01
5.894881886936150645e-02
1.111156301587452877e-01
9.391937256684203261e-02
7.792986062423776228e-02
7.149697483221138794e-02
7.982467159309145077e-02
7.180578326253139743e-02
1.356147777128609844e-01
6.689530908490433359e-02
1.000052181252276684e-01
5.562142343050439225e-02
4.767749977629881508e-02
7.708618600915830010e-02
3.990754676255229422e-02
8.283671353690109929e-02
1.143238113868139394e-01
7.545960832180638456e-02
4.257960177307470312e-02
4.043959201562150052e-02
5.574157360943551853e-02
1.111861597724738276e-01
3.573271159589397339e-01
9.095771161971678842e-02
7.147921010921574891e-02
4.622285650675234808e-02
1.259356262362248124e-01
8.213247243115694152e-02
9.099363862785540824e-02
7.710551037706075972e-02
1.006909931576811246e-01
7.700041213657356221e-02
1.103082563427746216e-01
6.784896799565835745e-02
5.332004330032013434e-02
8.343455053922420317e-02
1.673004446761540587e+00
8.856172951452194464e-02
9.101163274613002785e-02
2.747370550516560206e-01
7.378021298794416871e-02
9.205506947770106252e-02
