7.803976632003238600e-02
2.854233492274999229e+00
1.011906788640055677e-01
5.524363149264548828e-02
9.118424279595167825e-02
1.018322853225092361e-01
1.045083846010226997e-01
7.790804915559501609e-02
6.667028245838629852e-02
4.229395797623329400e+01
6.000296446616433521e-02
2.778268286140841425e-01
1.012293184897037124e+00
4.036157104363660153e-01
6.298967124237542237e-02
9.741679992295788626e-01
6.253337243369254395e-02
8.085465139121127132e-02
2.902858658406885506e-01
1.182591790286643962e-01
5.824282607682975055e+01
