2.014257547626268074e+00
3.043774914234240736e-01
7.720653267735115566e-02
8.719347144990639842e-02
1.909515276625551039e-01
6.229261955532805484e-02
8.432720396127307838e-02
5.003381304818462633e-02
6.481086266030626486e-02
6.273790621507017995e-02
3.235632537632987527e-02
1.716797588531412955e-01
6.250524230203803600e-02
1.256161075312426656e-01
7.756279287394371447e-02
2.739780243976489560e-01
1.002222919087724373e-01
7.692404032546022730e-02
6.358058972602427250e-01
6.266045676503023687e-02
7.203541921799141989e-02
8.227351285460458852e-02
2.186283993514187007e-01
7.197819546994026207e-02
7.533990655037847706e-02
1.013867095337000618e-01
5.926047652655377918e-02
5.627668223957452837e-02
6.803719012022751977e-02
9.129583734659972583e-02
7.289990882940290684e-02
9.948354047127101751e-02
1.024389494798814360e+00
7.299060184797165340e-02
1.000276708073674914e-01
7.158875341149976979e-02
1.253174170640524998e-01
2.596208071073316526e-01
1.000532989526037309e-01
1.763582723750429793e-01
7.143967409920852496e-02
7.703320866678937950e-02
