5.826210426311079910e-02
1.000044947135418499e-01
7.868618361067045153e-02
1.149447341343671170e+01
7.653509325510463035e-02
1.428838857248639072e-01
4.155828785451975982e-02
1.060319198019992609e-01
7.701478562316063647e-02
5.268993821697187663e-02
9.207504756201077833e-02
3.733616393004195178e-02
7.145815618002873681e-02
1.230554400149423411e-01
6.272273799237153280e-02
4.984696908463874532e-02
2.000130000905104288e-01
7.699086796497188467e-02
1.008106691134688787e-01
1.263092548247802538e-01
1.000498224451298324e-01
1.025804932822844406e-01
7.221716515921169921e-02
1.030894729673304810e-01
9.091848717573963734e-02
8.929597827451453418e-02
9.093618920699414465e-02
7.692955660594795464e-02
1.111118044766356561e-01
1.004570755915017849e-01
9.754277385489273922e-02
1.088925981670771509e-01
1.439836896446257952e-01
7.720314857707458178e-02
