1.579177569615016208e-01
2.534227139751817788e+02
1.132424572955486736e-01
7.965776869799159887e-02
1.163277763197115289e-01
1.257299782216989292e-01
6.974269039215721944e-02
2.132925935683147312e-01
9.171511942617072144e-02
1.540425921275482835e-01
6.387839436843441299e-02
2.000822880646070945e-01
1.277549715083174942e-01
1.005581138875520225e-01
1.003909782504420339e-01
1.112171363853661776e-01
1.038384001452659494e-01
8.425212647094953988e-02
7.693248466165258925e-02
1.250625876624376354e-01
9.091702003011831179e-02
7.522644080209015556e+02
1.261735037458694697e-01
6.032464621039411723e-01
1.000837641381034510e-01
1.000470944137304280e-01
5.593100724086975950e-02
8.378659926330085661e-02
6.867120493199408315e+00
7.882050321044108132e-02
2.249370565863109572e+00
1.007559453625281876e-01
1.431826427994435935e-01
6.678679295179512643e-02
1.117266442325594578e-01
1.250071016408348390e-01
