8.528953466102996706e-02
7.719818765960528850e-02
6.701932864743012641e-02
7.714586378107629594e-02
9.866265256272356565e-02
1.111706213228238205e-01
9.401505130241671893e-02
3.530678869825489702e-02
1.111128858944434306e-01
1.666719831374329219e-01
7.721779535144629447e-02
1.462799880666919849e-01
4.512441235888365459e-02
2.000059837061571033e-01
7.417500057399829816e-02
1.428981386374555684e-01
1.428577458101176756e-01
1.671278801383138113e-01
8.333647834573659763e-02
2.000473998698712175e-01
1.250089091866807278e-01
8.334129273114919412e-02
4.220185494199912152e-02
8.342015888504789034e-02
1.428573940253000940e-01
1.254370377485506394e-01
