6.674560788714430093e-02
7.748183373596403967e-02
1.000187345282355922e-01
4.184326088237256408e-02
2.431022126196400734e-01
9.197371786495875390e-02
8.385328116702440993e-02
1.310012714600059802e-01
4.185730360524652499e-02
1.250209910763208920e-01
1.891307833107640501e-01
5.030234415092731115e-02
4.571438493750368259e-02
7.518416925954267072e+01
1.263144383918287372e-01
4.817156737124068944e-02
6.038895792940619095e-02
5.010374719030966789e-02
5.291632104035168260e-02
1.429894182705766514e-01
2.347947396764216155e-01
1.111161341604486458e-01
1.003409688920163384e-01
7.156407259810515509e-02
9.133600932093507985e-02
1.588176745456326699e+00
1.001724285475662779e-01
5.892564590559217635e-02
1.000016721287246835e-01
5.883033813995026257e-02
4.362400664574136999e-02
8.336980290687129314e-02
4.598424099664955023e-02
1.790800967452651493e+00
3.771339798584933539e-02
1.018495921755133288e-01
1.024347648320222959e-01
5.272564588683269909e-02
6.871169874982700765e-02
1.123270715370655037e-01
9.493425560035512190e-02
1.470504670664053992e-01
2.913073406581503239e-02
5.482688559373561504e-02
7.557444190914287818e-02
1.122248432155007331e-01
1.113789679679985933e-01
2.000288916121992777e-01
1.250317504512586664e-01
8.333864383496830675e-02
2.716192660887414151e-02
8.467539650933242346e-02
7.277730043095134715e-02
7.887120493747202810e-01
4.636844804447289026e-02
1.137404660834948344e-01
1.250139176012786679e-01
5.614824837201634611e-02
1.348440170487830991e-01
1.682719711038019039e-01
8.334205245998703437e-02
5.574109754327213201e-02
3.096697348603684105e-02
1.000104335916716936e-01
4.363636097045280049e-02
4.994092712419957725e-02
3.737714040761858786e-02
5.003374060199996393e-02
6.616799259230571328e-01
1.099316981832467038e-01
1.429252732507345081e-01
8.429765028762854773e-02
4.769280655510584749e-02
7.692398071478281918e-02
4.950636274189122027e-02
1.399268721434146023e+01
9.105301973245917557e-02
8.321042401332989780e-02
9.128287409564926624e-02
1.002218181605736697e-01
1.001312854943884750e-01
5.192118871652675466e-02
3.176167013809388373e-01
1.115970141380060454e-01
7.258403415559563920e-02
3.366503871706203604e-02
7.537938913451532053e-02
9.100268647297739266e-02
8.334600422766301475e-02
2.367109270835023338e+01
7.768184936944542984e-02
6.289254033315330727e-02
8.403765781877885199e-02
5.172690651017290003e-02
2.058732565536832926e+00
3.519596179566974320e-02
7.703281114802323915e-02
4.666338587967410606e-02
4.190903412859605520e-02
1.121588948403230007e-01
1.896610572871762213e-01
9.228948114831709404e+00
4.718578301895966914e-02
3.482886983110741741e-02
1.113912831909941725e-01
5.196665951123164567e-02
6.674498435372254457e-02
1.111116744327624306e-01
4.366014201063262573e-02
1.689154318005116195e+01
4.680424618662609032e-02
7.694162380320496153e-02
1.116329613052317593e-01
8.941412483309515991e-02
9.326365302850937733e-02
1.001264837169036220e-01
1.015899254177091010e-01
1.428616019721396790e-01
4.192732707128946773e-02
1.816261991302218215e-01
9.102791493157492975e-02
9.075132089103642163e-02
1.266371041428744904e-01
5.904597437748868027e-02
3.370646951066374325e-02
5.768016165810161550e-02
8.867255423686420945e-02
7.272108341819971677e-02
3.709128100479209406e-02
1.432249183406588411e-01
8.369366880364226269e-02
1.844105101677317171e-01
5.562278265242383279e-02
5.365800876844769446e-02
7.173439039968886044e-02
