2.342949511789603179e+01
2.875312952217556813e+03
5.766909435758649921e-02
8.640418198986891951e-02
2.221544564770547014e-01
3.962078914292749232e+03
8.493284762566170876e-02
3.732650690738952335e+02
1.284929522722762340e+04
1.111123775787769552e-01
8.845616691757153538e-02
2.658097700035795086e+01
9.136273318250495712e-02
1.993225422922851597e-01
6.408230592844247440e+03
7.692858713421830974e-02
7.408081436710180014e+02
5.441694325926100646e+02
9.205368696942401584e+03
9.120537085614879858e-02
2.618792121954376489e+04
2.518442369462657007e+04
7.991909317631237286e+01
6.687755771767270319e-02
8.489765806255628044e-02
7.693872539840708458e-02
1.004036192332385669e-01
1.166940942395330467e+03
7.456361315835350752e+02
1.072546536033080200e-01
4.695156250694079020e-02
2.547855933324426587e+02
2.747293334194723684e+02
2.930890547372848232e+03
6.076199951785026769e+02
4.496941241698896192e+03
7.909917176303825954e+02
3.457002292519626985e-01
7.702703576435045163e-02
9.476970225313601759e+02
7.729257776910410105e-02
7.309132719981423221e-02
1.428723041390693727e-01
1.855107906980858615e+03
3.797965146573584194e-01
4.685415991045649207e+03
9.217352204544552023e+02
3.132521918920204429e-02
8.406484880240440438e-02
2.721086036545101251e+03
2.268709796650003409e+05
1.382493884623761687e+03
1.007962395523836208e-01
4.391565697163771915e+02
5.748177682902765040e-02
4.086702330835368935e-01
2.764149792235665704e+00
9.102385770727222658e-02
