5.569155832492411751e-02
1.119276735807390177e-01
1.286077206851956312e-01
8.352901385156807912e-02
2.730529096240986497e+00
9.105470683242948560e-02
5.241624547899351683e+02
8.693065721797163525e-02
4.021027172498687491e-02
1.777103949993111655e+03
7.183585916992252240e-02
6.320345011549244330e-02
5.697426390048804912e+00
1.360081992371828530e-01
2.572613667521956700e+02
1.250698999487160901e-01
1.320425498101728823e-01
9.107348133494928832e-02
1.687767016138978227e-01
3.514209956553723714e+03
1.998890848250711497e+04
5.396222454918500611e-02
7.813126064664460557e+01
4.437720097381809410e+02
7.706396068437111613e-02
7.943916562659461889e+00
9.091932513105140112e-02
4.711305398528405703e+02
2.647390590380049868e-01
1.111492201553913178e-01
3.104020153247482594e-01
7.440885811124421656e-02
7.145968198096687429e-02
7.565496009854658041e+03
7.224545136579536841e-02
6.363764107218722321e-02
4.672538289200200978e-02
5.246373653720328548e+03
