8.744572033317156434e-02
1.123087264165324312e-01
6.670958749927563547e-02
5.897433458738154249e-02
3.714197357511338227e-02
4.762516291798412488e-02
2.381076730004615671e-01
9.025141441616402194e-02
2.561220834481045538e-01
7.716207083850273873e-02
5.846884285960768368e-01
1.000545285054772471e-01
1.001989403589184369e-01
9.097351790606711397e-02
4.196874694067083134e+00
8.544729970334939695e-02
1.173261311497196951e-01
3.734754741445754644e-02
8.334375005978489348e-02
4.351726760747565842e-02
7.146669902291526155e-02
1.399356607606308811e-01
4.764166400324439110e-02
1.251046247370845577e-01
9.235505424459486412e-02
5.559032876832523118e-02
5.888557130478429963e-02
6.672141837083640781e-02
5.335964234575000242e-01
5.312432123850698018e-02
9.109607206765879539e-02
1.000581894329681809e-01
1.449909092819614553e-01
4.775966768444496469e-02
7.014322506669892765e-02
7.697984195750517955e-02
8.343474307412118707e-02
2.703460226304106248e-02
1.183127223618782309e-01
7.812316766495019937e-02
6.420189716317158124e-02
5.289147596950317665e-01
6.944323819264951181e-02
9.106383285434847819e-02
6.673524664319882560e-02
9.134333659410351358e-02
1.137447834150750320e-01
1.149286031027752647e-01
3.476010691322131002e-02
6.704539592888690558e-02
1.094038620534220213e-01
2.771928663738666698e-02
1.177843834391500699e-01
6.688831845458570458e-02
6.250270656672922420e-02
5.889545760571567035e-02
4.546381210099878500e-02
7.719557600205209646e-02
8.558343453255363997e-02
2.903698467261108807e+00
7.066933289652552186e-02
3.409675083766926240e-02
4.413326092964704739e-02
8.470045714633313294e-02
2.524117398338678875e-01
1.043747524857231157e-01
3.649202077010169770e-02
4.773954774471170920e-02
5.938095387539703979e-02
5.322927939884044418e-02
5.336717157647893200e-02
1.250331353445179594e-01
3.359033064253744150e-02
8.382547011337719567e-02
6.263191786926558535e-02
9.682913595815635655e-02
7.314335919960110455e-02
1.272734422051353009e+00
8.487804283299371644e-02
5.568674084629009896e-02
3.712271050133774536e-02
1.691178614971724226e-01
6.512921956367191678e-02
1.729071645141163904e-01
5.616771805546197371e-02
7.150696094277689263e-02
5.883540097511651829e-02
1.381377258217374726e-01
7.312618471764419092e-02
8.505765059951582441e-02
8.338466842898045739e-02
1.674290207646584872e-01
4.586132520780756422e-02
7.728502659357386340e-02
1.054937366961225392e-01
4.791517167872997446e-02
7.929678529272864151e-02
3.241521494665278863e-02
5.675988286116462334e-02
5.000741023363849264e-02
9.109792156989843237e-02
3.000825504857668191e-01
9.061778934050920831e-02
4.639531905961815500e-02
5.561076389855545976e-02
6.738034741378201575e-02
7.226660184885623783e-01
1.321558596393811180e-01
6.003460502054181608e-02
7.143573453712528942e-02
1.160382151291847463e-01
8.334016443245428896e-02
1.978632422730492446e-01
1.436822323323636352e+00
3.915884036432492055e-01
1.291667768109224512e-01
7.718740080725093600e-02
1.043114504860052083e-01
1.028662260927473426e-01
7.693756633025375380e-02
4.790599586242413194e-02
7.339606348985600048e-02
8.580327352748678971e-02
4.174890885596756890e-02
6.533725770823740897e-02
6.255209047725401872e-02
4.785219947495187448e-02
4.143812323593430713e-02
5.286245665679103339e-02
8.333429916553126982e-02
5.892720151711630661e-02
5.084474846597755032e-02
9.122473335655141569e-02
1.394557773060197126e-01
7.033772912544011824e-02
2.246251402757387106e-01
6.698120087811076928e-02
3.870132951544595634e-02
5.883806458534471956e-02
1.000113227110898395e-01
1.013069399054055963e-01
8.707289304937777807e-02
7.779046870488395826e-02
8.450767274796501527e-02
5.000972761237117842e-02
8.355702685690209741e-02
