1.077938758856823256e+02
3.238428046646548353e+01
1.048457508464719218e-01
1.717645461868567338e+02
1.045047782303369227e-01
6.252357100442913762e-02
1.548688448228116386e+02
1.456249133911778517e+04
2.150898367766239062e+03
4.918696637570080838e+02
1.934034750374322130e+03
4.907111428538014479e+03
5.336621237994321199e-02
3.876264357642951381e+02
6.467672953096463607e+04
3.491526107739915024e+05
3.407206774192224839e+04
9.475078877655807901e+02
5.457421017094016236e+01
1.464444108927911839e+04
2.966161335095291633e+03
7.338510795983627588e+01
5.725376885182756087e+04
9.102193040849416994e-02
1.013630526194686972e+05
1.464282664628661905e+02
1.260310561209521620e+04
3.124659632943192719e+03
2.551226938783852631e+02
1.254827959646442892e-01
8.388521305058991857e+03
9.681773926991427288e+03
8.461592997533300131e-02
3.159869562449435509e-02
1.031652239119210572e+04
9.232571350472426608e-02
1.066984713919871501e+04
7.072181334661358960e+02
2.696024946006294054e-01
1.634760285609667960e+02
3.711920635904154437e+02
2.095437629226466470e+03
1.240286173620551417e+05
1.303928053136612364e-01
1.647592178948644505e+04
7.689454476516220660e-02
