4.286716485784525243e-02
7.725709017205560636e-02
1.007123882966570461e-01
1.298568556197293722e-01
7.692871347330476617e-02
4.808223334459780368e-02
7.693101784789771469e-02
5.132753562871296138e-01
7.541107185517505196e-02
6.251806573517093568e-02
2.803137561549378515e-02
6.676015023696428574e-02
7.145072655596214350e-02
1.082760533996362656e-01
1.545164828618439956e-01
9.094393813685421046e-02
6.029480058466425013e-02
6.512803860445498527e-02
9.733204285835726777e-02
3.138585964242614906e-02
2.695473857137348217e-02
9.887186110771316316e-02
9.190400997290294749e-02
3.459058129413097177e-02
7.693397355602958620e-02
1.666844694301992114e-01
2.578382951182889293e-01
4.457598900608942399e-02
2.372981770947439270e-02
1.437446789127307112e-01
3.433659863801963863e-01
9.199405552541040088e-01
6.731612067860573423e-02
5.014020011135975757e-02
8.335926519518621625e-02
1.477210665643360898e-01
5.102307489955940772e-02
7.059253678797332288e-02
8.359118636525177115e-02
1.000826565396680801e-01
1.421257852371516917e-01
4.190524982528948811e-02
