1.125229584778396491e-01
1.111756453371683245e-01
2.680005422453444752e-01
1.265448784448205410e-01
7.703972750450256701e-02
7.007095770020640990e-02
1.674554370175314888e-01
5.580261590928487642e-02
1.661689196058374063e-01
1.121912699330053775e-01
1.300696353787371695e-01
1.005194490204280588e-01
6.675134594166252933e-02
6.918518637475748467e-02
7.083353548238312258e-02
9.181333254769552532e-02
9.906720773306151862e-02
1.083578170237901456e-01
5.027352011710704838e-02
9.117221127392577396e-02
1.000123942923552833e-01
5.272159141635154866e-02
8.333871070232183598e-02
7.693900682642353106e-02
1.251427777081559334e-01
3.467972245689481675e-02
8.333734523793941140e-02
7.249618240585260776e-02
4.032441807041529935e-02
9.094967540628581815e-02
1.228853169436740361e-01
2.027888853025534011e-01
2.374438497265355608e+00
2.351580100474673363e-01
2.493713807270869220e-01
9.091032351134059608e-02
8.340729376860732402e-02
6.684390985413173059e-02
8.466072557279066824e-02
8.900306321964805700e-02
8.347528724616509743e-02
8.498282357910003082e-02
6.196151594140280050e-01
7.149709216066732487e-02
6.669687711835271815e-02
9.916988112980021364e-02
7.318688521309625605e-02
2.269565156023946872e-01
5.356308081139977278e-02
8.439263966927451621e-02
7.717733853763553142e-02
6.336828689506157630e-02
2.576379087605057960e-01
1.050359699197421781e-01
9.094931025519810419e-02
6.450302791672722913e-01
8.481581961761835986e-02
7.696089335401172515e-02
2.005248901257128957e-01
4.726231800290967011e-02
8.412115959856668324e-02
1.156071580641837154e-01
9.288666159144130796e-02
1.026680150560928401e-01
1.210035789537326489e-01
6.689605332767159518e-02
9.805330263321264672e-01
3.104912373848779383e-01
1.112023256968586449e-01
7.278657228291225689e-02
7.267007996130699088e-02
3.272357873722859384e-02
1.079083846908038824e-01
4.530732471426012764e-01
1.007927611919495342e-01
1.053385282549787610e-01
3.859077026477998607e-02
5.569355208730139561e-02
7.143702498390172573e-02
6.675351617184120678e-02
1.254107083410365697e-01
1.111113876155137431e-01
1.018556780173392323e-01
8.350471472225728942e-02
1.116430855407207351e-01
8.470155218105290817e-02
7.748152509084718642e-02
4.242633972744513371e-01
5.644509139506097881e+02
5.011338371314730950e-02
1.550464294846172764e-01
1.000028921497713580e-01
1.261125261978622847e-01
4.229134361885630161e-02
6.342969806182444104e-02
5.564504304240468213e-02
1.385448751308595849e-01
7.161506598576646010e-02
6.344666274193534738e-02
9.115880929332526028e-02
9.100970116716099179e-02
1.040941343516577355e-01
7.616798823956361097e-02
7.167240604991095831e-02
6.709595134308057873e-02
1.201978686871794239e-01
2.611695462529384573e-02
8.455183237715217792e-02
1.111672576415934088e-01
1.112914886542512166e-01
1.258140462250356972e-01
9.221595437913507332e-02
9.091284271311619869e-02
1.129428510740334707e-01
7.143775950859522494e-02
9.710496164255535967e-02
9.115623351317699019e-02
9.100662511036937408e-02
7.704610418799243132e-02
5.278650832900164819e-02
5.046283329228188480e-02
1.115196090524855077e-01
1.116048026690701633e-01
1.660473571353175137e-01
3.745992038039844957e-02
1.111745897385663789e-01
8.922640416406418806e-02
2.973492714766318157e-01
9.092368037417447590e-02
9.203101561848882339e-02
1.418904016876936236e-01
9.112026948783796820e-02
3.574028469931416624e-02
9.124780337607284186e-02
1.250003764525633165e-01
2.032301763495041880e-01
9.093655731746350113e-02
1.000259722520092376e-01
3.495355958114305106e-01
9.749731835894202836e-02
6.203619658009880411e-02
6.682612426638866177e-02
8.348246350980019492e-02
9.122037349251600757e-02
3.618483897704643376e-02
1.010334095578904606e-01
6.229876510862691896e-01
3.596239034520036237e-01
1.020816885329187407e-01
3.455109927789753677e+00
3.471789453490803923e-01
3.196035292676491779e-01
5.931014524935453169e-02
1.235475547839506028e-01
1.001868884950839755e-01
7.740570215775825769e-02
1.697628782300870387e-01
1.111352191448231608e-01
1.120313170302895123e-01
8.346685675658742365e-02
2.939634141156224700e+02
1.225457269089312295e-01
6.718831728415261551e-02
1.025883687265072008e-01
9.091410463630554550e-02
1.114131771755032391e-01
1.428876722249322051e-01
1.934669110477212239e+00
