1.495069433660728420e+00
5.266025424109926217e-02
3.880833364934781898e-02
6.804519724239900536e-02
1.345655267941865962e-01
8.073749638801198947e-02
2.466118616458803925e-01
9.093302813133802287e-02
1.006153538189416830e-01
2.426478112235222362e+00
7.321976837727858234e-01
7.858160606119536651e-02
8.585941739411301343e-02
2.157610134027122228e+01
7.171442574597622355e-02
5.065687248521329178e-02
1.475937860816662672e+00
8.355621797293842634e-02
9.094632587837722659e-02
1.119056936535207658e-01
8.556371711937600821e+00
1.206077109230989236e-01
7.712410872004868412e-02
2.940989773763809656e-01
1.775937334947899071e-01
7.290517510399611989e-02
4.344731160745989307e+00
4.160227707981772882e-02
6.725229676671559687e-02
1.030969885287774945e-01
4.470610104395341539e-02
1.049783456059432546e-01
5.944470681328933859e-02
1.783892720276684107e-01
9.367973359886144769e-02
3.030733391700408674e-01
7.713996883285223483e-02
7.016214049738808689e-02
9.946343922023888340e-02
1.000673197987621138e-01
4.679784171509706603e-01
7.693149320851065676e-02
8.530938315797924332e-02
4.015423220845069224e-02
8.335334521807097330e-02
3.757258696507878248e+00
6.261396611197436735e-02
8.483776652990011879e-02
1.600750678546440930e-01
6.251249613241738334e-02
4.812162437198708870e-02
8.011627819198723077e-02
4.808275491408806057e-02
2.053353405192154257e-01
9.267718398992109974e-02
7.771135600826664658e-02
8.391921185796630267e-02
