2.910348702631296636e+00
3.733014339053521841e-02
4.700519268344149904e-02
1.434691757945491530e-01
6.244860927421781449e-01
1.251561320883045392e+00
2.142114235637411213e-01
3.160129767120147259e-01
5.654586857425571156e-02
4.346550061317135116e-02
1.820159032902765872e-01
9.322220287993751575e-02
1.807587954976627442e-01
9.676179636041477850e-02
9.863091265032379595e-02
4.029760463689695260e-02
5.195579755467932825e-02
3.487489484009003576e-02
7.144970842733706917e-02
2.366301684172641140e-01
1.595816191917884819e-01
6.462578681359121280e-02
1.070991949101597562e+01
7.750592942748779635e-02
1.433908279731470614e-01
9.726826254646829539e-02
4.359717166039309144e-02
1.125679661550972183e-01
3.600353884584659575e-02
6.671426540194724808e-02
1.245013310495290820e-01
8.333388249801225445e-02
7.463381514001825312e-02
2.360256119265391028e+00
6.262345975539716780e-02
4.046031372599160486e-02
1.666693914685661027e-01
7.645742121972174399e-01
1.619882379688449558e-01
2.549367118571957969e-01
2.032825443051380632e-01
8.341540755598399193e-02
1.001458235116057943e-01
6.669564548461465181e-02
1.698029982486720102e-01
7.157336799471759881e-02
6.720898455579013553e-02
1.135622275703391526e-01
5.562462195511636703e-02
1.054641576213500020e-01
4.171174376777798259e-02
7.493791659184535769e-02
9.094603534167697290e-02
5.886790239716298279e-02
8.345423709718462202e-02
5.047819437625318539e-02
7.759137969368565257e-02
8.394844973893859919e-02
2.730077934673103002e+01
9.566467064005070020e-02
6.305085304120806866e-02
6.101389904058064639e-02
7.145230706062800918e-02
5.556533700403137183e-02
5.082968348317323803e-02
1.742104143597790478e-01
8.366769102994621454e-02
3.281166757614950580e-02
8.733803162891784488e-02
1.413937669686402276e-01
8.338817413636212539e-02
7.178031661011825826e-02
1.253614193222804263e-01
5.561166292091628688e-02
1.744425264310100754e-01
1.112815671877357970e-01
9.091675695533317503e-02
1.443732835774790835e-01
