4.561508716078726405e-02
5.559668263972076391e-02
1.260868712582194351e-01
9.230037748332163561e-02
7.739070025525786323e-02
8.137658481407153421e-02
6.252252168776231689e-02
6.721546151459147078e-02
4.032834404299234232e-01
9.902882905919067891e-02
9.093993465027526424e-02
4.612056432066233280e-01
1.576364788616992696e+00
9.120496262261966469e-02
4.369810664291452068e-02
8.318163615398625754e-02
3.306043445866750918e-01
8.362690331350691730e-02
6.688395032715348243e-02
9.127652031951832834e-02
9.100500336341489638e-02
1.667201861206626112e-01
7.906933454154255192e-02
8.597299408262595866e-02
7.758543513152543758e-02
5.485004602944685420e-02
4.150205032550313700e-01
5.618030161819197177e-02
1.070244808734303887e-01
1.000053373136621654e-01
1.610216798608839206e-01
6.730612662178782346e-02
1.115975709942992333e-01
1.122320132793461211e-01
7.186681075501975824e-02
7.150901780791356355e-02
5.924108239765799727e-02
1.344978243981128085e-01
1.387276274162078105e-01
7.709365350744237788e-02
9.547397357797464401e-02
