7.313718869253393873e-02
2.503057094054483289e-01
9.240270445546511224e-02
1.000980033929855795e-01
7.308080401543340376e-02
7.052760958762756272e-02
6.049855310757303040e-02
8.380262572651964170e-02
7.950991469986572191e-02
2.228461412392789831e-01
9.245228602672740659e-02
6.927588355344921345e-02
1.002113547624223500e-01
9.434812293432180696e-02
9.189165663244133753e-02
1.574948989380820485e+01
1.705713972563645264e-01
1.523961939953689670e-01
1.251320194301529798e-01
8.676190532337837991e-02
6.232602207272608386e-02
7.716668714378051297e-02
1.446533049913651114e-01
1.167268719308019731e-01
2.008173533527802535e-01
