1.667077844673066911e-01
2.369720637153901743e-01
3.786175528417146108e-02
1.819242771808779191e-01
1.208807152340850150e-01
1.040160291778915169e-01
1.704459625529414213e-01
6.436880830582661361e-02
1.250282020954734397e-01
6.000189260033079314e-02
8.030327802624262490e-02
4.621437645135078459e-02
3.534690194718812656e-02
8.352254003244781455e-02
3.863910717544354056e-02
1.126975705637123792e-01
6.564257304866658038e-02
3.085708052151618294e-02
1.048584019952293195e-01
1.530366153727381884e-01
4.914375042154681950e+01
6.132286405250741979e-02
6.281728503988759371e-02
1.605413766955975152e+00
1.119059067317880463e-01
