8.421648299802408921e-02
7.733543626311129016e-02
1.204787061120669162e-01
9.171320118237439312e-01
1.066014739368146419e-01
2.146047691568288007e-01
4.067716726280786593e-02
2.098142967095701084e-01
1.560799355701873170e-01
9.286555633641122021e-02
3.046402608575477511e-01
7.749067172193672970e-02
2.037736898347590198e-01
5.584588088085398749e-02
9.180904970549312594e-02
5.991063175434607757e-02
1.006684876626501302e-01
1.438353428842548132e-01
1.669643688209017929e-01
1.240354844242697457e-01
1.213686227832559528e+00
