6.668696849633794221e-02
2.006490562304495684e-01
9.810938768925214770e-02
1.357446400547497323e-01
1.119404547348046286e-01
8.030755462389155275e-02
3.533076946435554505e-02
7.167625772024947828e-02
9.030226901178410870e-01
4.882676673288281477e-01
9.256780489266551448e-02
9.092521378332231452e-02
1.000173630548703424e-01
1.808759353497900457e-01
5.262656243684597085e-02
5.266818271997056322e-02
9.092410535264984495e-02
1.002517665626918852e-01
9.092918810529501683e-02
6.369012515930864982e-02
8.442104405081907181e-02
9.649111766257680023e-02
7.280880204250556043e-02
1.001476264702099578e-01
5.447537262317911355e-02
8.380404295719674768e-02
1.446009749157241764e+01
1.447351967231838565e-01
5.892690031113416438e-02
7.604155789970633572e-01
6.698845747118059579e-02
7.383970171208133204e-02
7.166436182039338798e-02
3.606730888918591171e-02
4.808095874168052952e-02
3.240109930158526635e-02
6.020401015068032463e-02
7.761002634820743373e-02
6.039585712882488550e-02
9.125033753008314485e-02
7.171321154416206156e-02
9.097282707122170131e-02
7.403941518983118142e-01
7.698395751017408917e-02
8.980237446945359137e-02
6.672835981270365535e-02
9.112024787098772782e-02
8.476414640583790350e-02
8.338649157778764420e-02
6.149325823350883236e-02
5.062351888748979345e-01
9.508090803415097936e-02
8.410407764623360760e-02
7.149424299759730983e-02
4.804874262476333674e-02
9.272839503516890070e-02
4.042054624339291302e-01
1.290182105389499345e-01
7.867250364409724028e+00
1.022941658362346434e-01
5.269217236507466734e-02
6.686461052547738870e-02
8.538423423313439009e-02
7.706282521828423937e-02
8.334376459214204447e-02
7.922913534527259438e-02
1.446465536542575203e-01
5.011983451194138711e-02
7.712118690777344798e-02
1.007357447929397160e-01
6.260704637347019874e-02
5.557175161305231287e-02
5.907300143127741654e-02
7.694929318031797083e-02
1.226080563840421106e-01
8.607473797364839641e-02
7.152692203405841553e-02
5.795387508980975183e-02
1.008734639227633734e+00
4.845617359898198723e-02
5.653425784483492866e-02
9.288420139374310713e-02
8.366268708621857342e-02
8.345259081210461283e-02
1.251510659874579545e-01
9.142399867391959312e-02
7.689290134275842625e+00
1.008840214607358510e+00
8.487268433582927096e-02
6.727837589643016758e-02
7.770597654748555294e-02
1.434350052519056395e-01
8.359165057563083812e-02
4.115046059790628874e+00
1.792560881129458272e-01
1.000194463976775278e-01
5.149654479511800442e-01
8.510677281493904400e-02
1.062692216894716296e-01
9.117019817832602846e-02
4.234463707262547255e-02
3.375027778942007312e-02
4.201169195143016760e-02
5.590786622762820846e-02
2.122294882630258783e+01
1.252956680250695842e-01
7.701389998852678498e-02
1.431311943290198285e-01
2.847135970839084415e-02
7.148817033120531683e-02
7.701542755697557419e-02
9.157983610944984976e-02
3.080793596189643907e-02
1.312516630748830337e+01
3.437033222788007936e-02
1.139648831517359184e-01
3.663436588134336347e+01
5.280522077073248471e-02
1.004843283109988772e-01
4.485942596183783770e+00
1.016322036202354229e-01
7.700283995037325580e-02
3.050152963899892455e+01
1.152362479968782327e-01
1.432105764722195751e-01
4.364818061022410234e+01
1.003922542328473666e-01
5.264000433054826650e-02
7.695494794556166640e-02
3.368404335213747158e-01
7.697198669080146383e-02
6.276284660544791116e-02
3.406321596265702301e+00
8.333686263276539330e-02
7.539626352346454063e-02
6.109029144333025935e-02
9.092411095670828447e-02
1.114982618107699247e-01
2.626673873332494719e-02
9.146000140375311338e-02
8.353681521925511444e-02
1.012027642777799663e-01
3.566044068614999257e-02
1.002631145631261711e-01
8.336177033809481773e-02
1.542059802612426866e-01
4.349324066382684317e-02
9.114762024386946493e-02
1.863574946018736467e-01
4.195947568076636991e-02
2.621264837990345750e-02
7.695710820811520192e-02
3.510793327419258619e-02
8.436794103822432833e-02
7.216684253769349577e-02
8.981743998071617385e-02
5.885985797364741423e-02
7.149243478990173484e-02
1.099263175017821947e-01
8.338645324914523149e-02
1.435949169442159723e-01
1.429033569646830093e-01
2.208985924940304602e-01
8.045944962300792813e-01
8.335129975556780646e-02
7.871003163493842103e-02
9.801687415760053368e-02
7.692810611258692199e-02
7.671561913608681005e-01
1.157740592944494912e-01
5.269575566347337037e-02
6.756645095038507631e-02
9.122499903758846118e-02
9.116178026699746362e-02
2.076910185073325144e-01
1.497585661071587915e-01
7.705516813199184134e-02
5.575878426670677346e-02
1.694192969516014335e-01
6.917487822870931058e-02
7.234971880722722293e-02
1.276376712385188794e-01
6.928577108035804955e-02
6.691612929375213570e-01
6.266664805294877572e-02
1.017182116456775420e-01
8.337284383686054123e-02
4.384890676893789252e-02
7.703670353393965442e-02
