7.553570154127354774e-01
9.186386530772542303e-01
8.338526022359565859e-02
1.162016910584537099e-01
5.012539215384065328e-02
6.685902024940126864e-02
4.595101248231732716e-01
1.437115759393513548e-01
7.725795884054958984e-02
6.619441778826258282e-01
5.346274031070402666e-02
5.945590531457284333e-02
8.377275302186810990e-02
7.003932605309426407e-02
1.085942007062431908e-01
8.100191539359635762e-02
9.406418899624298391e-02
3.663840198364614470e-02
6.732008977835533814e-02
1.032655700691398337e-01
9.725786962097987542e-02
8.719669524809081196e+00
3.962399277651092178e-02
1.374558132285098999e+01
1.445007270999749682e-01
7.331896674946036807e-02
4.253115625186000837e-01
8.386834054981939790e-02
6.157521867411830385e-02
6.315333376065881965e-02
2.687237170829341881e-01
5.626129320949522228e-01
8.017773458231138017e-02
8.276589839990473874e-02
1.435792078479302680e-01
2.319685437983272369e-01
9.278248530507671177e-02
7.207367869960071283e-02
1.434555213120516926e-01
7.152734154859423377e-02
6.692921040364498142e-02
1.084335612960068307e+00
1.125243156041139253e-01
2.817457831828730774e-01
2.429542114862807134e-01
2.358645239768968893e-01
7.797133579693567296e-02
8.312586029231580631e-02
4.788730683026872631e-02
8.351901962652359679e-02
6.431392786726931876e-02
2.983249001207893603e+00
8.263830297513602430e-02
6.718773443188204297e-02
6.382750543288580047e+00
9.944239299003726495e-02
