8.691742535697911942e-02
7.145889674917176027e-02
7.724267461191798578e-02
7.333878916220459843e-02
1.559815455308441734e-01
1.444775108760150417e-01
1.951551780720452434e-01
7.951115425737126374e-01
1.127301416764214248e-01
3.885074305996390892e-02
3.452201876110329998e-02
1.083150799397134267e-01
5.652498457649816205e-02
3.594056272981392686e-02
1.082893226674398884e-01
6.689999900281178025e-02
8.341029952782762213e-02
5.560505480514320309e-02
3.336263383099803415e-01
3.885868907035471831e-01
1.250910141173720846e-01
1.118759992050958746e-01
9.267325567916304130e-02
1.000046798860313862e-01
8.726145067703712510e-02
9.167337135245885726e-02
1.739869399331510358e-01
8.349871948311869685e-02
5.203035752201619346e-02
5.726168154384383424e-01
5.557198245138018911e-02
5.882930175161512482e-02
7.145298541969399841e-02
5.406223206412454074e-02
1.117655779154614476e-01
1.250884921508456094e-01
8.464985680298316162e-02
9.230181508176636684e-02
1.238285408036765289e-01
9.155282625158898957e-02
4.958994028005988403e-02
1.115366148160789883e-01
1.732363092134938942e-01
8.333762232821144422e-02
7.807790601942868336e-02
1.250933884552400122e-01
5.277284404081225566e-02
4.547946016294517058e-02
9.114240532626581570e-02
1.172661477312989947e-01
9.146893708365104458e-02
7.143095938024615621e-02
3.140634872373863212e-02
3.919173166580674356e-02
9.098125198919498891e-02
1.000046357334004876e-01
7.143153283065455106e-02
7.176624814141732700e-02
7.604206914304052767e-02
5.956331099986730132e-02
6.685091201123732896e-02
4.172384626951311515e-02
3.880236624489355468e-02
1.598909704412803592e+02
4.383524754046677629e-01
9.143343721579434702e-02
8.335048238233966345e-02
4.039703078040424167e-02
9.091388148296598859e-02
2.020813377681441037e-01
1.036524067371694391e-01
5.884075142843679662e-02
9.864973103930912979e-02
8.057807261270282240e-01
4.853790854530950355e-02
7.821856236083149505e-02
7.697485022185415748e-02
7.735388315618242638e-02
6.270805705162545152e-02
1.178239144667211774e-01
5.277112963601710005e-02
8.336251747834455550e-02
5.590610188534946706e-02
7.166585689270917048e-02
1.126174966729639876e-01
9.093227420066435363e-02
1.943518951049461707e+00
5.301149212592245336e-02
9.183774325941213013e-02
9.327839549862969315e-02
6.005868574551136846e-02
7.168031313566276819e-02
6.257720120895708671e-02
6.355547130711083903e-02
7.693465234624882743e-02
8.341094081500337321e-02
6.267673020165076547e-02
1.111602519759908314e-01
1.252017008305125745e-01
5.096480070577493610e-02
1.252676461423305465e-01
2.310060217072456568e-01
3.586926166221365841e-02
6.681174553879697109e-02
1.126617245323521671e-01
6.667815288190107048e-02
6.390826486986690702e-02
1.016162912796603618e-01
1.113703758836601942e-01
7.722004566366254263e-02
5.033136492054902933e-02
7.704398884057714336e-02
9.130643791043664692e-02
9.429222535837193664e-02
8.403783685210079735e-02
8.428260642852679618e-01
9.651917247074247308e-02
7.694308549598918856e-02
3.168161766991646477e-02
5.344327226522530006e-02
2.009743544475843247e-01
8.421446119816887455e-02
1.019566521165465312e-01
4.259817240995268928e-01
5.897239368969303674e-02
1.001154585704048250e-01
1.102081828203902852e-01
3.288657578637538964e-02
8.463737729082744521e-02
1.121074398287022489e-01
5.598118657161674228e-02
7.776066525176821009e-02
1.264808446043707568e-01
1.009172324285834560e-01
7.746331812936252392e-02
1.000996377922130920e-01
7.157074249022296608e-02
8.371845295058505387e-02
9.227421273476589525e-02
3.726185115284848942e-02
7.191772866875414949e-02
5.214608536917431786e-02
1.010490165890510772e-01
2.814888114768623883e-01
4.838318841094906286e-01
9.097588610105211693e-02
1.003719426685217020e-01
1.000435338443318029e-01
4.572318819706520238e-02
1.256942696529437242e-01
7.773276249442911956e-02
1.020018707631832333e+00
6.303889055947752007e-02
7.224921815208872056e-02
3.142239181422847721e-02
1.030237292083290013e-01
7.167661355125141964e-02
4.044267470463906028e-02
2.966084645424907351e-02
5.638854798066565005e-02
6.073388286320449692e-02
1.034434520904346372e-01
8.349548883254996612e-02
1.000056809738105040e-01
7.853461035276605717e-02
5.900599450410838609e-02
7.428588116611016534e-02
4.016742330970225067e-02
5.279536000684241503e-02
1.111672827819495529e-01
2.931069896589587678e-02
7.721299374173043462e-02
1.008704041978809585e-01
6.319019861766062007e-02
3.365148103154203341e+01
6.747981812057492201e-02
8.393854895965356666e-02
7.830318940558494978e-02
1.002391605155982524e-01
7.882324516383949764e-02
7.707005422216825496e-02
7.224460777041576132e-02
3.111733325522104965e-02
8.340175431957876084e-02
7.721662207116811172e-02
9.118108475539109248e-02
9.485327451587542702e-02
8.103214724581472850e-02
7.739362601689009358e-02
7.331013777949443866e-02
1.408215158295834935e-01
9.265376031838469528e-02
8.791841030428430848e-02
9.103010479263563826e-02
9.264641473562455765e-02
1.002846356859912469e-01
4.458055489012630740e-02
1.406221534799079464e-01
3.589214851704652237e-02
1.006705992618616846e-01
8.334679153606378010e-02
5.030588665292572842e-02
8.089366335662277752e-02
1.111903730097904552e-01
