2.994367230352434350e-01
6.301785503918148901e-02
8.290022642473383885e-02
3.246373444788283602e-02
3.861755774807008185e-02
5.568034802450002457e-02
1.120411301175801705e-01
7.701419409148815842e-02
1.000969307251023954e-01
1.611295221204505634e-01
1.075995362173471248e+00
7.702158635341900539e-02
8.824627859542046038e-02
7.763551906847801498e-02
1.252203689492369654e-01
6.940137914630581384e-02
6.258665881598091119e-02
5.958839159952948605e-02
1.216235407240751076e-01
4.170319528716231322e-02
7.152376682599660696e-02
2.831772838776304146e-01
3.395855336918999351e-02
5.556634059422255884e-02
3.216753784552479800e+01
1.002368357915501135e-01
6.683297937109286546e-02
9.442142498207309886e-01
1.665813143928093210e-01
5.258376868686293060e-02
6.303273072308619718e-02
5.223436377830711907e-02
3.801534375016503153e-01
1.111796148800162781e-01
8.258794805688444984e-02
4.013511704220010246e-02
1.254367511625565923e-01
1.214387305268125106e+00
6.002879137868107062e-02
5.917846721680737609e-02
1.113548325490755081e-01
1.215817312320645743e-01
1.111331856475106517e-01
6.262191710588513316e-02
1.702658182596316072e-01
9.587087142386771510e-02
7.262000530408786736e-02
7.203269268448612983e-02
4.079911126048395981e-02
5.070927434983663051e-02
6.159137520615858008e-02
7.693608193538627182e-02
6.716409130391717830e-02
6.885220598106972512e-02
3.994169258856913179e-02
5.000876904716099192e-02
5.287301824644722453e-02
8.035945738287127160e-02
8.362030746387595637e-02
8.220576091699435817e-02
1.250236439224305940e-01
4.376702665134674097e-02
4.477141467283482501e-02
7.146256656467765700e-02
1.003267947400911242e-01
1.934388356004147935e+00
5.003990777377224225e-02
7.192254876646564377e-02
1.020386105116143638e-01
3.425657409075690690e-02
8.663704613361118689e-02
1.004162523405917717e+00
1.934895893636640885e-01
1.136511527716281555e-01
6.266334670699211240e-02
6.696788451436805345e-02
1.366965276995927847e-01
1.167351321588800950e-01
9.093247402976309401e-02
1.433097411103095298e-01
1.081151747387226331e-01
9.220280896863299047e-02
