1.625219413564937199e+01
1.111992916622485533e-01
1.000425550744939579e-01
1.067410032330924352e-01
9.095252803841781530e-02
7.344801992154979808e-02
1.397845517273886284e-01
3.964525772800780445e-01
9.244690668420094126e-02
1.670329864319220203e-01
1.568709401393170721e-01
7.829369138377817450e-02
1.111124396365005679e-01
8.340609033001832040e-02
6.769558607258077676e-02
9.110088585948244999e-02
1.280624038243731166e-01
8.170358730250050494e-02
9.549815660785974936e-02
6.723090486179857106e-02
7.145094998154588595e-02
9.460809442825754423e-02
1.111305098616838655e-01
1.353340416803556212e-01
6.333027469792136543e-02
7.144391545728082105e-02
7.842981231663299913e-02
5.018342611763997041e-02
5.572711829824271434e-02
8.340021480854153957e-02
4.223621215929113798e-02
9.103682752368381925e-02
1.402099530291397445e-01
3.278559691162336032e-02
9.102292803822623068e-02
7.703429789483538792e-02
4.558050272321934743e-02
1.428960510808577333e-01
1.019433944942038095e-01
6.722454032831698401e-02
9.095676890042847518e-02
7.147644120175773719e-02
1.250104038158708908e-01
4.178977617165482994e-02
7.366429425128787067e-02
7.293539150656740133e-02
9.009748522982161112e-02
8.307711493956974891e-02
7.203415295866033574e-02
8.470324949972228568e-02
1.009997941773001645e-01
1.000555393117739944e-01
7.726942589550810092e-02
4.580089303739454804e-02
1.741358991087546826e-01
5.010321393721296757e-02
1.118977586962478371e-01
2.387425390008812362e-02
1.000324833073276826e-01
4.820168027279105039e-02
8.830307061843302441e-02
1.521218578283646261e-01
7.236276503424821094e-02
9.100977836206268490e-02
1.460376361463026351e-01
6.783458720319927859e-02
6.261806493233196269e-02
1.245571568639122911e-01
6.351611663623014936e-02
1.112309624615177850e-01
2.312983288992662145e-01
3.048758888500774589e+00
1.035289337162201978e-01
9.122751162587926232e-02
1.251515309749925697e-01
1.256665913523066225e-01
6.877846637397126706e-02
4.765764289047417362e-02
8.335450160727399249e-02
1.111570906791185809e-01
1.000067527958799773e-01
1.119372694334219431e-01
8.340659778589083750e-02
5.577126268487490185e-02
9.347776253904660493e-02
1.105857545390582647e-01
1.428879511103690880e-01
1.023537620382843211e-01
2.681737141761354248e+00
1.444913728800311659e-01
1.005107257766373746e-01
1.672790089821395709e-01
7.143469724007182886e-02
1.103306262512228769e-01
7.871079705568032048e-02
9.092631696817692066e-02
7.426597269190785000e-02
7.792657997442489770e-02
6.674811788237634824e-02
6.694674782654595757e-02
5.568259586281940066e-02
2.294367522271732740e-01
3.748300601518281955e-02
4.598670172393335559e-02
3.612548892115156896e-02
9.188780974412366631e-02
1.663439836051970599e-01
9.092944585815193603e-02
5.035753171038302028e-02
6.667042060956566984e-02
7.735816873897637114e-02
7.152395199159303218e-02
6.674255031993815701e-02
