7.201280618402165767e-02
7.268231812461282970e-02
4.326657848716767285e-01
3.878862497252093255e-02
6.332471422948947604e-01
3.990004623929411132e+00
7.921045634215673203e-02
8.275056087309437536e-02
2.695036311499198689e+01
7.151606883885018584e-02
3.416469287362548096e-02
3.163290726597482033e-02
9.124006841778485588e-02
4.402553813232898405e-01
8.364546961309471396e-02
2.527776772359497381e-01
9.140844684202407977e-02
3.469523806898657664e-02
7.716315345489842270e-02
8.482162822226094190e-02
5.836474013443799791e-01
5.334280315971602349e-01
7.703460415033915043e-02
8.353719979064633261e-02
8.814140505371057088e+00
3.703454295727236917e-02
7.699287977742089173e-02
7.143132620558870216e-02
5.266105733253267224e-02
1.250406735033851024e-01
6.100171895818699147e-02
1.206581461475246114e-01
2.806648485845118390e+00
1.863270457245970846e+00
6.582304706078916101e-02
7.253078516207936421e-02
1.148240926289401526e-01
1.024842375760166985e-01
3.851361916119958595e-01
6.254329883984585670e-02
9.120570567412418506e-02
1.254721803807052616e-01
5.263294014133166471e-02
7.693458493309709989e-02
1.136357899797082321e-01
3.393273481430104932e-02
6.079306473116255494e-02
7.146471169745706453e-02
4.542384384668509689e+00
5.302706623444782691e-02
1.859778459786984328e+01
4.962208972669424067e-02
1.381938960109424963e+00
8.500671012796258419e-02
9.909381850014406523e-02
1.004043841145686178e-01
2.636410710317906858e+00
1.010925873028794830e-01
3.549263865996631750e+01
9.094449155527431494e-02
5.557122340557131557e-02
7.221583690419244861e-02
6.678311598001258897e-02
1.099911792725809107e-01
5.676680375377606003e-02
6.893385418988635938e-02
1.003053949797247518e-01
7.143883650380601635e-02
5.001561098388288690e-02
7.190919694507753868e-02
8.341065175094652950e-02
5.820443273975201004e-01
5.571958219173830940e-02
6.497755086374643052e-02
1.068680413151912728e-01
2.013177851216275682e-01
1.372913220964420422e-01
1.119624288915437582e-01
1.008161467726747390e-01
6.675224378326034824e-02
2.960114923582992524e-02
6.159455367713335266e-02
5.082392676888494026e-02
1.468407694648567186e-01
9.123993546714044556e-02
1.270031011804241550e-01
2.898579547789270627e-01
8.785624332963459793e-02
1.301327129013816419e+00
7.695547099894201049e-02
8.361263475083170749e-02
1.000063415426955399e-01
1.250082145324483140e-01
4.851101138180407557e-01
9.578756583350948040e-01
6.745373950330610380e-02
8.884151988664551469e-02
7.146633664514334683e-02
7.143135954238939711e-02
1.884192705809087265e+00
1.111179357685033314e-01
1.139509424328453424e-01
1.002790198194390137e-01
1.277542929453632514e-01
1.015810369470348251e-01
4.766995049165064641e-02
7.157257591574472944e-02
6.684906131062282042e-02
3.245220378182060023e-02
7.695603059227525133e-02
1.018909607793069966e-01
7.276352929316580453e-02
4.314893230486648024e-02
8.905396867337792011e-02
8.035374255227514806e-02
1.017244854245823171e-01
1.201272448714379548e+00
2.604170114289031668e-01
7.705006759747431988e-02
9.146908002970613460e-02
7.744216288306941809e-02
4.518102319139351980e-02
1.967638020175240254e-01
8.337381252275201382e-02
7.973727421463462639e-02
8.548338060215286693e-02
1.163583071151647746e-01
4.129578374728423706e-02
1.003745872202362194e-01
7.148752497068958101e-02
7.694637831033991626e-02
6.250783776055951479e-02
9.091572614063969660e-02
3.639432598402661534e-01
1.113767358641365307e-01
3.716289808178274007e-02
9.091328380832347511e-02
8.264512354557670970e-02
