3.724763312011040384e+00
6.930257686024264563e-02
7.744175815790785289e-02
1.267344610929488080e-01
1.015028207464890586e-01
1.194680639960089830e-01
7.145351116114333212e-02
1.114588329929116217e-01
8.369713088674013424e-02
1.080233385377022071e+00
1.778115012826165797e-01
4.491310584398529315e-02
3.333760231324936854e+02
7.004080607162206651e-02
4.806458216250783511e-01
8.704646462540638341e-02
4.199694422567833429e-01
1.273043929915419759e-01
1.548255491171297571e+00
2.462924493512536617e-01
1.129487648554662882e-01
8.153602631209028173e-02
9.404677208418003864e-02
1.118295589113859623e-01
3.565300603229151766e-01
4.866159678642447556e-02
1.937045623882540368e-01
