1.259298511626844030e+00
6.698564016158559120e-02
7.734497301104593936e-02
3.166541555315935508e+00
7.692770329009071539e-02
1.552095803624107928e+00
1.314293903694086829e+00
7.789052745619465257e-02
7.769705429070353220e-02
1.050506145358834492e-01
4.715230758179608794e-02
2.383383599177160972e-01
9.414143071285631381e-02
1.017350379696547319e-01
6.226283602711283477e-02
8.333385007811350276e-02
7.714090736860759745e-02
1.000104454970583284e-01
1.743727612202067845e-01
7.692626064082928872e-02
2.111170766244756802e-01
5.736279103614939645e-01
5.923667903882872537e-02
1.000189769835730241e-01
8.343737122656984251e-02
4.832861332187118192e-02
5.898525147824747877e-02
1.001206553701650820e-01
9.115583713492618478e-02
1.866358567982285555e-01
2.163987227299909166e-01
1.222272558677321430e-01
4.628527854793815927e-02
1.052310775685741662e-01
4.842206360209939248e-02
3.115359850187631174e-01
6.302482286463373384e-02
1.448615187279549132e-01
9.045172417330357706e-02
1.765243348718588956e-01
7.362322734897149001e-02
7.148594983079085974e-02
1.000118718100476978e-01
1.418317104652918159e+00
1.869577569773739623e-01
3.602244132246915420e+00
6.259381397381796885e-02
9.133841397399439233e-02
7.300268894482334070e-02
1.194161330238306257e-01
8.692632521047297112e-02
5.374491116265315421e-02
9.150238121631724952e-02
9.091845094608831668e-02
8.343620216672842371e-02
4.406188561183241426e+00
8.334338582057197742e-02
