9.117183971380411478e+00
5.593031398784437114e-01
1.807635793976855041e+02
7.884081946520932194e-02
4.005309398430720313e-02
6.770299387913022993e-02
7.928803536837193688e-02
7.785300172538435204e-01
9.092090172741801313e-02
2.400421881106162281e-01
4.573411738251956793e-01
4.905390608597390667e+01
7.854654198282141842e+00
1.669021135430094338e-01
1.356735100424335261e-01
4.176511503473819692e-02
3.261257481234889899e-01
8.343096279048377306e-02
8.479503538093195736e-02
1.019076156842357583e-01
6.302813785880093111e-02
2.319661751271170913e-01
2.111830815400482786e-01
7.709233096748303871e-02
1.721765099467084559e+00
2.753191875397889898e+00
4.784664886064539380e-02
8.423619000307701332e-02
8.167468803350987072e-02
4.559104046416837086e+00
4.624535633061552353e+00
8.338265094694564949e-02
4.690713465910942293e-02
3.057243141176908541e-01
1.250423627311059716e-01
5.767130627448211616e-02
7.812144216713121092e-02
7.748028266478637627e-02
6.752397822040230313e-01
7.414009815972390227e-02
8.516249736414360783e-02
5.269411556040118350e-02
2.062277068172378222e+03
6.442370324825635874e-02
1.428595148882418620e-01
7.860991723806041998e-02
6.089301699596021827e-02
1.375906485892339504e+02
3.953431901833807938e-02
9.099705904086598240e-02
5.290674749407895533e-02
7.355670252888357741e-02
1.112379970612526747e-01
6.667990193522560505e-02
8.373291464517103322e-02
5.380036447426696927e-02
1.112991072278804172e-01
1.252699495403534480e-01
7.699916412775585639e-02
1.429083629078039319e+00
1.064533964996426108e-01
2.180014571309393523e-01
6.279852789737766505e-02
1.581703558664654397e-01
9.094696817179252768e-02
6.754288278793484090e-02
6.250530749955510168e-02
1.000250253827250912e-01
1.527830786819551201e-01
4.289555045634005359e-02
8.605263283872810476e-02
9.091645985259307061e-02
1.001875278604059394e-01
5.411317483166891984e-01
1.021755131016848228e-01
1.354304181491441206e+01
9.649425712967402147e-02
7.699110531507226407e-02
8.628534107919245966e-02
1.789908577812936485e+01
6.183079472570063295e-02
1.554973713806765829e+02
3.864044613537676587e-01
2.387375912975111092e+00
1.255882296183088720e-01
9.210904506752387588e-01
5.662555339172326896e+00
4.973453777749765692e+01
1.856961280997891350e+01
6.258407342546148944e-02
1.310391066175097263e-01
1.462719894726233205e-01
4.774304363611755093e+02
9.262240257191368675e-01
1.307054656141104276e+00
7.741637072945412035e-02
1.036010216235479370e-01
9.098492623221218212e-01
4.705635893546509380e-02
1.919919217051304083e-01
6.437439469549952054e-02
5.563089530260027088e-02
1.317562997167722461e-01
7.372964230362771820e-01
8.471972701947967366e+00
1.127967777717319287e+01
2.534427256816221274e-01
4.133275699521061358e-02
5.964996946091992436e-02
1.096224449065299478e-01
7.326714124421865315e-02
1.991954533641606961e-01
2.001529928738105812e-01
9.017243910024261844e-01
1.391342268472199051e-01
3.060290524830411307e-02
1.262768560972137855e-01
1.063247766148492646e-01
1.021633768555016697e-01
1.686473175489221488e-01
5.887812802593612310e-02
1.065535255336578918e-01
2.409105854335933827e+00
6.335810548862824687e-02
1.246227787274156174e-01
9.120769407228709880e-02
3.364517234498354964e-02
9.131897007714083470e-02
9.262350131773877671e-02
2.196195030117334135e-01
4.937891672758271816e-02
5.002354898368904790e-02
4.399029323921323509e-01
8.341190951256859110e-02
9.664608668773914113e-01
1.001420406477998570e-01
5.100850492699009919e+00
6.622310434965482384e-02
1.118660892152245623e-01
9.445408036431784948e-02
5.660038525793732733e-02
1.058285171140333630e-01
1.101553138345146454e+00
2.952016238951998481e-02
9.451223137894265713e-02
8.429189948450566128e-02
1.430545180667578686e-01
1.397793534074289468e-01
8.343162796679853832e-02
5.655504955353459762e-01
1.024835000308707833e-01
1.064788472694749855e-01
1.757297327080145910e-01
5.510667059207488561e-02
8.350746078796267291e-02
9.094826129650980528e-02
8.348055075407601056e-02
6.033962540715719081e-02
9.097363973059632847e-02
9.356189929277306527e-01
9.091527832920152929e-02
9.805682130400236729e-02
4.374406881386572188e-02
6.354763679639632845e-02
7.221511573017268260e-02
1.089732880886459698e+00
7.276541969150017442e-02
1.794708719220638460e-01
9.248564843390284784e-02
8.340762601608070481e-02
9.463288056300374340e-02
2.840334115196641029e-01
9.121850013149596093e-02
9.490067637171425985e-02
1.134276069412348681e-01
7.694799781352548718e-02
6.863193805618722498e-02
6.667603989138275178e-02
3.953129422500153201e+00
1.590727026891875617e+00
1.064424305118011754e-01
2.408106751022700553e+00
1.308629280027449937e+00
1.249197270266969167e-01
8.443845208345891751e-02
4.340700636940358209e-02
9.885482398479596144e-02
1.299536371798581391e-01
7.713330214272716423e-02
6.364220548488185025e-02
1.351520719663127645e-01
2.996089579442738349e-01
8.478522090038649595e-02
1.273739126670690724e-01
8.476975250944258911e-02
7.527832006400466902e+00
2.159340909764447813e-01
6.120909855809951949e+01
8.661591981573126819e-01
5.572079142377886485e-02
8.117605920416830212e-02
6.751502174592513561e-02
2.016853798614977600e-01
2.810481658065176802e+01
2.431819228335177385e+01
3.144922448268104631e+01
3.060701387568712128e+00
8.497856843135535854e-02
1.115650715235556034e-01
1.830344640712341597e+00
1.979068414659216069e-01
5.994970769845366088e-02
6.922479949870935512e-02
2.364251361431695120e-01
1.630546375117298552e-01
2.565462898963494220e-01
1.547800407093651021e-01
1.116131121123116188e+00
1.003794183666584655e-01
4.549972075851240749e-01
5.067240478863840186e-02
6.276903109827991489e-01
2.400242085147284987e-01
1.114852132616900859e-01
7.695017399852234485e-02
1.260205319205299768e-01
1.113207276213898922e+01
1.092893307644046824e-01
5.409725962464974058e-01
4.562593752615681786e-02
6.883280524540036360e-02
2.310528058109017069e-01
1.276018169196157792e-01
1.491722205753465424e-01
8.729793405751028190e-02
1.102345726536772125e-01
2.101883192001599010e-01
5.276609480745436676e-02
8.717205830410026834e+00
2.425106539107670656e-01
1.156031058554316537e+01
3.249017784597581227e-02
1.142639587417461744e+00
1.257215331653365853e+00
4.174554386992223448e-02
8.337447594404949480e-02
1.447477855538833735e-01
1.144039352051855196e-01
8.052299239035135003e-02
5.203584887080568711e-02
2.379455551040981498e-01
1.067368496426666091e-01
1.934308985141978354e+00
3.677776976503312895e-02
1.013065344019870445e-01
7.085587932040934511e+00
1.839361986314463071e-01
3.468718366094867417e-02
1.212087135290535744e-01
7.192126394483844276e-02
6.259885814463168885e-02
2.496039918901583887e-01
1.061697723931869508e-01
1.135831294596961888e-01
9.935233462600727428e-02
8.574329298721333759e-02
1.113183697877721812e-01
1.035659254931103335e-01
8.080798160294930255e-02
4.742096112796344992e-02
8.337578330409949057e-02
1.190420298693855905e+00
5.656572211683083551e-02
8.377338319286142809e-02
2.529992742620163604e+00
3.346542889325169745e-01
1.217678903240539290e+00
5.853932482930964021e+00
4.831342471415393802e-02
5.302882390178385169e-02
9.141604549531501256e-02
1.111628016916924727e-01
5.327806593500725163e-02
1.945386972095227707e-01
8.439232638505243800e-02
7.997374587576145943e-01
6.280556880617042814e-02
8.348322611418289296e-02
7.004924733730392983e-02
1.699588265462404768e-01
1.000953471634259406e-01
7.705805306476995464e-02
2.031422127717774195e+00
3.675726294974925729e-02
9.105744656001819870e-02
8.346629605163446985e-02
2.589539860354362344e-01
6.901257987586031817e+00
6.683481275394449750e-02
7.143779873502066613e-02
5.000602448858670890e-02
7.710979005429341449e-02
8.789021270451280454e-02
7.703052722876455038e-02
8.362863261186768982e-02
7.694512412711373983e-02
7.747774691677689063e-02
2.008067014452842025e-01
3.863673899762426478e-02
1.256030426378857701e-01
8.812270087421635312e-01
4.804033967612295064e-02
7.707205375315122342e-02
1.002079412955565879e-01
1.250764388433752150e-01
1.431238971002349036e-01
8.228613860714474315e-01
2.591921174668713856e+00
1.000285497239293414e-01
8.349516266003695009e+00
