0.000000000000000000e+00
0.000000000000000000e+00
0.000000000000000000e+00
0.000000000000000000e+00
0.000000000000000000e+00
0.000000000000000000e+00
0.000000000000000000e+00
0.000000000000000000e+00
0.000000000000000000e+00
0.000000000000000000e+00
0.000000000000000000e+00
0.000000000000000000e+00
-5.205321204167518090e+00
-3.019610028467484053e+00
0.000000000000000000e+00
0.000000000000000000e+00
0.000000000000000000e+00
-1.309148373669692500e+00
0.000000000000000000e+00
-1.269209554337459522e+00
-1.499374805310978997e+00
0.000000000000000000e+00
0.000000000000000000e+00
0.000000000000000000e+00
0.000000000000000000e+00
0.000000000000000000e+00
0.000000000000000000e+00
0.000000000000000000e+00
0.000000000000000000e+00
0.000000000000000000e+00
0.000000000000000000e+00
0.000000000000000000e+00
0.000000000000000000e+00
-1.536619955135945625e+00
-5.846041409142218370e+00
-6.659887385781770863e-01
-4.150677590579032739e-01
0.000000000000000000e+00
0.000000000000000000e+00
0.000000000000000000e+00
0.000000000000000000e+00
0.000000000000000000e+00
0.000000000000000000e+00
-2.954394889869629726e+00
0.000000000000000000e+00
0.000000000000000000e+00
-3.171358103489064106e+00
0.000000000000000000e+00
0.000000000000000000e+00
0.000000000000000000e+00
0.000000000000000000e+00
-6.803379352778338607e+00
-1.116127738330185082e+00
-9.223854163991880295e-01
0.000000000000000000e+00
0.000000000000000000e+00
-2.549024225571379532e+00
0.000000000000000000e+00
0.000000000000000000e+00
-7.379795438248129891e+00
-7.417639774011119957e-01
0.000000000000000000e+00
0.000000000000000000e+00
0.000000000000000000e+00
0.000000000000000000e+00
-6.109332766844380869e-01
0.000000000000000000e+00
-5.131016991842144215e+00
0.000000000000000000e+00
0.000000000000000000e+00
0.000000000000000000e+00
0.000000000000000000e+00
0.000000000000000000e+00
0.000000000000000000e+00
0.000000000000000000e+00
0.000000000000000000e+00
0.000000000000000000e+00
-4.779313476122964310e+00
0.000000000000000000e+00
-7.147977581755169396e+00
-4.273603383051597149e+00
0.000000000000000000e+00
0.000000000000000000e+00
0.000000000000000000e+00
0.000000000000000000e+00
-1.288924519262605539e+00
0.000000000000000000e+00
0.000000000000000000e+00
0.000000000000000000e+00
0.000000000000000000e+00
-3.186547063296128357e+00
0.000000000000000000e+00
0.000000000000000000e+00
0.000000000000000000e+00
-5.550230760403831454e-01
0.000000000000000000e+00
0.000000000000000000e+00
0.000000000000000000e+00
-4.710096397699957471e+00
0.000000000000000000e+00
-3.214641115066572574e+00
0.000000000000000000e+00
0.000000000000000000e+00
0.000000000000000000e+00
0.000000000000000000e+00
0.000000000000000000e+00
-5.608651359418072246e+00
0.000000000000000000e+00
0.000000000000000000e+00
0.000000000000000000e+00
-7.274914277565991405e-01
0.000000000000000000e+00
0.000000000000000000e+00
0.000000000000000000e+00
-7.118967375212230664e-01
0.000000000000000000e+00
0.000000000000000000e+00
0.000000000000000000e+00
0.000000000000000000e+00
0.000000000000000000e+00
0.000000000000000000e+00
0.000000000000000000e+00
-1.310094739646721296e+00
0.000000000000000000e+00
0.000000000000000000e+00
0.000000000000000000e+00
0.000000000000000000e+00
0.000000000000000000e+00
0.000000000000000000e+00
0.000000000000000000e+00
-4.996460147514333094e+00
0.000000000000000000e+00
-1.979457525489197511e+00
0.000000000000000000e+00
0.000000000000000000e+00
0.000000000000000000e+00
0.000000000000000000e+00
-2.044394121814161469e-01
0.000000000000000000e+00
0.000000000000000000e+00
0.000000000000000000e+00
0.000000000000000000e+00
-3.269988667476460886e+00
0.000000000000000000e+00
0.000000000000000000e+00
0.000000000000000000e+00
0.000000000000000000e+00
0.000000000000000000e+00
0.000000000000000000e+00
0.000000000000000000e+00
0.000000000000000000e+00
0.000000000000000000e+00
0.000000000000000000e+00
0.000000000000000000e+00
0.000000000000000000e+00
0.000000000000000000e+00
0.000000000000000000e+00
0.000000000000000000e+00
0.000000000000000000e+00
-1.141728134379794035e+00
-1.232270274090754736e+00
0.000000000000000000e+00
0.000000000000000000e+00
0.000000000000000000e+00
0.000000000000000000e+00
0.000000000000000000e+00
0.000000000000000000e+00
0.000000000000000000e+00
-2.968887957922637710e+00
0.000000000000000000e+00
-1.170507521243828997e+01
0.000000000000000000e+00
0.000000000000000000e+00
0.000000000000000000e+00
-5.351368919502437205e-01
0.000000000000000000e+00
0.000000000000000000e+00
-1.662366677207693266e+00
0.000000000000000000e+00
0.000000000000000000e+00
0.000000000000000000e+00
0.000000000000000000e+00
-2.031828218301721112e-01
0.000000000000000000e+00
0.000000000000000000e+00
0.000000000000000000e+00
0.000000000000000000e+00
0.000000000000000000e+00
0.000000000000000000e+00
0.000000000000000000e+00
-7.515526863836190508e-01
0.000000000000000000e+00
0.000000000000000000e+00
-1.616981838914635095e+00
0.000000000000000000e+00
0.000000000000000000e+00
0.000000000000000000e+00
0.000000000000000000e+00
0.000000000000000000e+00
0.000000000000000000e+00
-3.573976872831558182e+00
0.000000000000000000e+00
0.000000000000000000e+00
0.000000000000000000e+00
0.000000000000000000e+00
0.000000000000000000e+00
-1.106475046494640457e+00
0.000000000000000000e+00
0.000000000000000000e+00
0.000000000000000000e+00
0.000000000000000000e+00
0.000000000000000000e+00
-1.787770152345889985e+00
0.000000000000000000e+00
0.000000000000000000e+00
-1.215643279178932668e+00
-1.104147911832644713e-01
0.000000000000000000e+00
0.000000000000000000e+00
-2.927314548425228313e-01
0.000000000000000000e+00
0.000000000000000000e+00
0.000000000000000000e+00
0.000000000000000000e+00
0.000000000000000000e+00
0.000000000000000000e+00
0.000000000000000000e+00
-5.436746382997883487e-01
0.000000000000000000e+00
0.000000000000000000e+00
0.000000000000000000e+00
0.000000000000000000e+00
0.000000000000000000e+00
0.000000000000000000e+00
0.000000000000000000e+00
0.000000000000000000e+00
-5.046894894736062120e+00
0.000000000000000000e+00
0.000000000000000000e+00
0.000000000000000000e+00
