2.589825153821927461e-01
5.666305840181941333e-02
7.996697641146707780e-02
1.431938913718049655e-01
7.696746654006557387e-02
1.668054718885339238e-01
4.350225897275383780e-02
1.959703988528886665e-01
7.463615550184939107e-02
1.113049434862348336e-01
7.263977676592105193e-02
5.070268655760053894e-02
1.944013335217991134e-01
1.079898579663553237e-01
4.331416961602382182e-02
7.764427170981660908e-02
8.333467695463768476e-02
1.152615415621128792e-01
2.132577549644671944e-01
4.881460876529660625e-02
1.250378660502523831e-01
2.243098411468813946e+00
5.593755309676060050e-02
5.564150295864674772e-02
4.354763494954215552e+00
1.239956040079289584e-01
4.774568795050010417e-02
1.112603906614639260e-01
2.038864697482789534e-01
8.368087624349290765e-02
1.447009161695992641e-01
2.058734194242979640e+02
7.706822231188985295e-02
7.142939895682312579e-02
9.144995126285716813e-02
8.564713397078556334e-02
9.091870129058463035e-02
9.229010817889983509e-02
4.045894598178198520e-02
5.885537959279971143e-02
9.287950488576673935e-02
5.229013935896308363e-01
5.391065902562684753e-02
1.429348438439377311e-01
6.266300303886855605e-02
3.476368915645060564e-01
2.566922454757948890e-01
8.335820101426928697e-02
2.764008358725153869e+01
5.268079978475841141e-02
1.058896087743587955e-01
8.341507116397477162e-02
6.520289167215806425e-02
4.795146671746055439e-02
1.112236481947720262e-01
1.111917769793388383e-01
1.000088533211079544e-01
7.695233278688529133e-02
