2.027553098938789655e-01
1.274990918024359321e-01
4.206459453185375508e-01
1.001188065301896746e-01
1.728361880708741138e-01
7.694326793521190366e-02
1.377362277229464693e-01
9.104434387709882393e-02
1.132408622092081485e+00
9.705651554051893115e-02
5.036326129843463756e-02
9.201619598236669695e-02
7.695758505054541010e-02
1.678375884647384242e-01
1.000425190204365933e-01
1.106397149132940100e-01
3.265005139198699502e-01
6.667565093175857605e-02
3.465433703772047985e-02
5.052337929802074024e-02
1.005525195618743040e-01
1.111136144319995467e-01
9.133706934862972915e-02
1.002647271422594244e-01
1.115720029900142962e-01
1.698599470179221749e-01
2.806265652399836941e-01
8.112021623119872737e-01
1.250545208919427720e-01
1.092731814453882455e+00
8.001934375066563354e-02
5.632885660614934259e-02
7.707643018037077520e-02
1.957935581489785581e-01
9.146415567067953112e-02
3.872257716586248455e-02
9.095771619338031966e-02
7.497121740607340379e-02
6.668912063104366628e-02
1.265187632031536391e-01
7.146733441179788093e-02
5.891616275357932503e-02
1.111143952797558204e-01
1.111172265707261603e-01
1.116281509379730141e-01
1.971768344313812593e-01
1.432834071427380451e-01
1.250617803081054136e-01
1.673040081493385733e-01
1.129815800456136221e-01
1.493423886209597207e-01
1.666772968977178471e-01
1.124116537340914684e-01
6.250347919058649171e-02
3.946865189040921207e-02
3.719269076486576842e-02
1.255748244427809523e-01
2.914121022692405250e-01
7.847269082309904498e-02
4.469366084011915774e+01
1.111955849020419690e-01
2.063224478907924819e+00
1.054035622102019315e-01
5.968244205470042696e-02
6.369925889403599273e-02
1.001233151614391581e-01
1.114647260522623473e-01
1.156519729108631128e-01
8.880335743374054291e-02
7.144744535486188819e-02
6.162950269471567655e-02
1.139769635784516844e+00
6.435375078364220791e-02
1.413166018502259591e-01
9.094645337880978564e-02
1.000013144629883222e-01
2.569952694674801918e-01
6.723150364276696267e-02
6.677003478599535802e-02
9.135124182159154449e-02
2.504431753377622250e-01
1.609263566120570366e-01
1.250406692205686954e-01
1.250690828601060955e-01
6.343136866001292118e-02
1.671596582528241115e-01
1.430651044212247758e-01
1.023883016797298984e-01
1.250361624708838659e-01
1.812550849144996812e-01
4.193655482930502276e-01
2.136508403538110723e-01
2.608946384142222796e-01
5.163286576635046921e-02
9.094541487269697244e-02
8.342386147842034694e-02
1.668119873902304817e-01
8.337088470598914836e-02
1.274406457739030440e-01
5.117642778487736521e-01
1.403599376257523845e-01
9.102999451483805016e-02
2.714560217035048573e-01
7.145299001659469185e-02
6.760891434941522504e-02
1.255798974654570854e-01
5.432401699466819778e-02
4.273832571768963057e-02
1.458095441890701893e-01
3.546436869363006061e-01
1.111280330154536256e-01
4.995571550360297652e-02
1.111412357426191377e-01
9.227208025425502613e-02
7.163507415502357034e-02
5.611884954101759720e-02
1.118152198718876111e-01
1.250220155649741094e-01
5.271311513041929131e-02
8.349083700796122720e-02
8.335723551081498928e-02
7.706759828442434623e-02
7.695801707355293120e-02
5.890494386984556491e-02
4.519691909159486154e-01
9.449855696943752770e-02
7.143026778405262012e-02
1.116783452332910653e-01
9.254724219745558145e-02
7.695687227859587809e-02
6.138624816900518227e-02
1.072079769319055575e+00
1.673517792868873533e-01
1.111251391653617915e-01
2.000034574208829352e-01
6.711026162925431970e-02
7.150244043039609421e-02
6.547255369717587037e+00
9.458541451019097934e-02
5.282442368912291242e-01
1.111248058039238790e-01
1.666851145792956901e-01
1.253414255252223997e-01
3.459452370519842113e-01
5.272899887947252173e-02
1.845053019231582270e-01
9.091423190595783466e-02
6.678719411226560765e-02
9.116675165042215090e-02
1.006508496649593798e-01
5.887170587174490877e-02
7.774868578789739804e-02
2.878867772660123947e+00
1.112982137880397654e-01
3.042848868863038958e-01
6.468994519716838587e-01
7.106055475716266390e-01
9.202056125219976179e-02
3.262423929596672267e-02
5.270264965179995847e-02
3.862898402624428407e-01
2.702431458937355480e-01
4.442611630626913666e-02
1.482220013420960936e-01
7.696205712740887550e-02
1.028478433769221823e-01
7.725278745191713203e-02
7.587423872423904037e-02
1.250094561269858850e-01
7.170711490780512509e-02
1.284304139757232455e-01
1.488386516227446776e-01
7.143174700981444469e-02
9.163861391597225015e-02
1.113419884659326703e-01
2.934163524624329398e+02
6.405770814347504227e-02
8.368017250262375917e-02
9.145737767979182642e-02
2.452367531885933971e+01
1.111369613630317499e-01
4.206980852705347745e-02
6.258636809830615821e-02
6.800896806319932375e-02
1.142942833034898825e-01
1.111399798830438185e-01
1.626891979569604629e-01
7.172452392147346534e-02
5.564946485254530784e-02
1.267065680255909932e-01
6.875145427408574372e-02
1.261387522104431558e-01
1.562209742968224679e-01
8.362620514326006560e-02
2.157793282277670244e+02
7.143154557462945420e-02
7.153064087776039859e-02
4.349772799994895689e-02
6.609200534583826503e+00
6.667171655930018148e-02
5.562209801090937239e-02
4.847395754469940865e-01
1.250856219631599209e-01
5.019394406806167164e-02
8.333615442572149534e-02
5.383532874188849682e-02
3.372668449004311009e-02
4.573315998682523503e-02
3.891837672763436728e+01
3.276309470711081806e-01
1.883291662066330119e+01
2.085185801159249730e-01
8.569630890956014824e-02
9.991070523503887968e-02
1.017448900636136050e-01
1.700070910818516634e-01
6.854618264031300812e-02
1.374383131656261303e-01
1.429094075523431318e-01
9.160828234138079784e-02
1.111541828658770825e-01
7.181237539431294115e-02
8.359156431887591887e-02
7.718959410091967566e-02
9.099979301558208666e-02
9.745336527550600703e-02
7.171859240589716078e-02
5.556450519132533766e-02
9.850020884428810353e-02
7.694227337477375916e-02
5.866545535000398937e-02
7.748266983171296640e-02
1.099451532778876472e-01
8.341341162855692160e-02
2.001331974100935551e-01
3.843585163851897524e-01
7.148520810807164338e-02
9.025202739889046200e+00
1.028063517508839009e-01
1.396850709606213548e-01
7.008196235575507582e-02
9.195353396483461894e-02
1.168420943146059265e+01
1.225672211767491609e-01
3.588145782080846141e-02
3.449453355735374203e+02
1.345969045958503585e-01
4.890824094230852154e-02
5.002350581015888725e-02
7.692869674395733104e-02
3.179249968592793074e+00
8.385631311198270266e-02
7.704674303693807846e-02
6.341708956937375241e-02
1.023076133988900932e-01
8.365380490218367326e-02
6.688723341970985448e-02
9.093002451934042996e-02
8.624167754393312346e-02
9.091246667691975369e-02
6.669769862740705657e-02
1.507430392763448868e-01
6.368409732514657140e-02
1.431636226673111967e-01
3.757180138557325577e+00
3.521761066298210174e+00
6.273694851726646649e-02
4.254165737364883348e-01
1.317105145462156568e-01
9.092346051543559460e-02
1.233223904974865698e-01
6.678264004666244202e-02
4.554226223027019876e-02
1.164532127278653656e-01
6.934574849410807262e-02
1.117004334288084627e-01
5.835845246026488686e-01
1.147304834149363989e-01
6.751016581831918717e-02
8.415894632762765948e-02
1.429071149943063612e-01
9.096684124130156868e-02
1.666981993095334458e-01
4.594540332215791417e-02
1.435699119320637263e-01
1.112052793808063211e-01
8.336957390980881399e-02
9.094463724155889273e-02
5.955728986709619976e-02
5.128651800920833864e-02
9.100101533593489556e-02
6.513538338433483288e-01
1.786853674074571907e-01
9.706759640656137389e-02
1.000084903669345993e-01
1.742786687994004380e+00
9.092255466177881496e-02
1.461201248534569341e-01
1.683769026012602588e-01
1.000117643395564693e-01
1.112938844626779195e-01
9.090982413854624411e-02
7.076515280799081431e+00
1.434010156224332366e-01
1.014209569020747964e-01
3.169675375861122912e-01
1.266006817717356958e-01
6.512630425278927160e-02
7.064669786613168856e-02
1.017916491569091086e-01
1.250094150379282565e-01
1.276861103483013515e+00
6.087317010217071361e-02
7.204975895059294311e-02
6.250370148779947621e-02
6.702097301690326803e-02
7.172646955604990160e-02
1.111161454148888172e-01
2.978609755972393414e-01
7.801387898798682607e-02
1.327746501295967718e+00
8.334059858888341610e-02
1.685180345106614963e-01
9.103162032511087631e-02
2.264100543682574518e-01
1.115532456407535566e-01
5.120483868628504069e+02
1.021675674635671160e-01
1.380139142163647192e-01
1.111186562308696391e-01
5.061160008579695946e-02
1.112352366084326527e-01
1.431876593683895638e-01
1.470363944853067817e-01
1.100650177491211679e+01
1.003532137708754296e-01
1.670154045631480066e-01
2.316863569543474166e-01
1.444639834693859093e-01
3.706302127457619666e-02
4.350701037503890839e-02
1.002244138869791551e-01
4.828026687197195521e-02
1.112082733985801375e-01
9.128337520725739174e-02
7.201833477388085158e-02
1.132172760698995035e+03
1.113843281794078544e-01
1.250349071880808294e-01
6.688110631489059543e-02
1.111919669491543972e-01
2.500111158058211935e-01
1.116368251692536617e-01
5.209172869154364560e-02
2.075738878040113422e-01
9.638245062341757596e-02
9.097011049455555609e-02
1.115385291508546317e-01
1.250344857726347347e-01
6.671175539185263126e-02
6.670253006209087010e-02
6.278911746360330004e-02
1.428881482174631234e-01
1.251541966977771925e-01
1.250848408139491885e-01
6.526516063350334962e-02
1.252640447156041503e-01
1.125267577372049826e-01
6.687360931978898748e-02
2.251144229424786314e-01
4.548496602400107364e-02
4.764027812736526535e-02
7.146161438066593596e-02
1.436860788758111962e-01
1.442825726810099962e-01
7.692557088707971391e-02
6.854118297199951471e-02
7.135837650157141054e-02
8.333772896786377504e-02
8.799614905598357462e-02
9.232930087241418560e-02
1.262989436218593942e-01
4.067244667016440474e+01
2.368030261130226188e-01
1.070245848420750684e-01
3.692323690803400033e-02
6.667828469176356743e-02
1.000004016856483463e-01
8.333716791883127861e-02
3.447718568430505753e-02
7.693180116579284578e-02
6.651777112995884700e+00
1.000476143425487879e-01
6.281373284810411184e-02
1.000469351141823615e-01
1.250856146512900613e-01
6.250551646644812720e-02
9.092611013060182545e-02
7.712926599016123319e-02
1.091127689134554117e+02
9.095095846897578717e-02
9.169765868807341902e-02
1.130644767705071552e-01
4.573877564487021513e-02
9.091565625890699054e-02
7.391047939728589977e-02
4.597655244491504617e-02
1.111440642322014116e-01
1.250205728810579731e-01
1.251882181869241051e-01
1.111186441967080274e-01
1.912564428261371674e+01
1.027885286421513777e-01
1.251095465221550573e-01
5.061219339767902142e-02
5.923290723426036242e-02
1.317675694607022274e-01
9.284083836465571726e-02
7.149772556790974509e-02
6.674257632796910811e-02
1.201100388616582054e-01
3.982107212683697606e-01
1.003432335702030553e-01
1.265198556172687505e-01
5.988670410820174511e-02
1.842663733389566516e-01
1.535482985317632720e-01
5.095760785871845666e-01
2.000663039778678987e-01
1.250553862125461380e-01
