1.013903115059428262e-01
2.557224292200592219e-01
5.361620147632731204e+01
3.007583203832865926e-01
1.474833307039209729e-01
8.336007837314553248e-02
1.667810148065490272e-01
1.023771342789057126e+00
2.006526140518302137e-01
9.132219530092892945e-02
1.452678385682285300e-01
2.225387296135556414e-01
2.158623090837947789e-01
1.088703328302151607e-01
5.249426196533679007e-02
4.517172667029013544e-01
1.123079845601157173e-01
3.967534239981059252e-01
1.173849293349078782e-01
9.802978882436923502e-01
1.258923457466119278e-01
7.361513133083290306e-02
1.713541848140053558e-01
1.325723430104649159e-01
1.821119690555296489e-01
9.207725180519038544e-01
7.151883368597884705e-02
6.358729594492470993e-02
4.024028564459285889e-02
1.098437497856680212e-01
7.163500277804067673e-02
1.295479664129494946e-01
1.429248437848133491e-01
1.016748171130308631e-01
4.153010866692151808e+02
1.594874555818797113e-01
4.946522260341438409e-02
7.722233046722946914e-02
9.098333826278647007e-02
7.150459454718473273e-02
9.217247116260531004e-02
8.356142212936717995e-02
5.009572566407709260e-02
7.316298630292893124e-02
1.191075343677427678e-01
8.430097850508543045e-02
2.003958665423836716e-01
1.252429936298786184e-01
1.508331547134249551e-01
1.447255679518399951e-01
3.046707107102827536e-02
1.112743734198912565e-01
7.841733838890495301e-02
5.003965590638792538e-02
1.750925043094398725e-01
2.164209837750468601e+00
1.011042086376442883e+00
7.379706257474949460e-02
2.367053364054565634e+01
1.112027792038006169e-01
9.976717982322219624e-01
5.872636199775126825e-02
1.201431846409983573e+00
7.728250423928076374e-02
8.397326117749882857e-02
1.430511934422411813e-01
1.569068570594505385e-01
5.920098511788667722e-02
1.421007429013708134e-01
3.698735386670872760e-01
7.565300382313343286e-02
2.168211997941675850e-01
1.061378634872740118e-01
1.713609297240105966e-01
9.224618035149072248e-02
5.342078979746949646e-02
1.683347904838382314e-01
1.437982646852544455e-01
5.633164214626554950e-02
1.124269715926713709e-01
2.248039575629468545e-01
7.700155005915730599e-02
3.960950223218229899e-02
6.742521036350361541e-02
1.287020226947129253e-01
7.734317209318718189e-02
1.857337190055651788e-01
1.676973481208566819e-01
9.103216578380730895e-02
9.671820023341176631e-02
4.612702480732037980e-02
7.324850755111410316e-02
1.268346636974604646e-01
3.471789057780289012e-02
1.733248446787388486e-01
1.905931666463008822e-01
1.120200455795640621e-01
1.256248893159873370e-01
8.391624773526766556e-02
4.182512426207089101e-02
7.704464486865360284e-02
3.854069327806929762e-02
1.313003994807511177e-01
1.124918330331123595e-01
1.007080008222556583e-01
5.893898226070195395e-02
7.084995192388445773e-01
4.467771696080034549e-01
3.834016107057975353e-01
1.024711279522787094e-01
2.250699402080680034e-01
1.428860703838399637e-01
1.001098124085877394e-01
5.576441930734905156e-02
3.185270745126101977e-01
3.828068094600867166e-01
5.040691272410972867e-02
3.537999575297489319e+00
8.538756848556311452e-02
1.887211623366265023e-01
1.113250083390657508e-01
1.092405335630813878e-01
1.452004528723138121e-01
6.931915565226128007e-02
1.002909528200853773e-01
8.769203288604705826e-02
5.890536220454383604e-02
5.962455576991199102e-02
4.392462630639883514e+00
1.228296911972934363e-01
9.802742661999377938e-02
7.906121606298031901e-02
7.700115709251115215e-02
3.265026557490253306e-02
6.255413083484237524e-02
1.252274147762825474e-01
6.363312159481944452e-02
1.371223710541908947e-01
7.927945360391136509e-01
1.778605467119616923e-01
8.372871482069910165e-02
1.251515324829804710e-01
2.238045984741564576e-01
1.769414188438942770e-01
2.007288397074952768e-01
1.473002104269343915e-01
5.022547143312110218e-02
7.239232936622697068e-02
7.143992096235292355e-02
6.235804308761727643e-01
1.489557197048757831e-01
6.339367124656612729e-02
9.405493477550663783e-02
1.431378293068669982e-01
2.010126520305852704e-01
1.012613014734942835e-01
1.002076142593063823e-01
6.131611157695959768e-02
1.285036488286130651e-01
1.115044076401178058e-01
1.252271827468104948e-01
5.035867955817295571e-02
8.408635009216505751e-02
3.775855100356375060e-01
1.073327758721190212e-01
1.253430161631926831e-01
1.529334935968346687e-01
1.434768347347947226e-01
2.445203435087535682e-01
1.377037298203934446e-01
1.432338667690602196e-01
5.543061206072416591e-02
8.898727453653508590e+00
1.113238004378200169e-01
7.709535939643481772e-02
1.479172231577966234e-01
3.748453474784443906e-02
6.763642177126440169e-02
8.228907478299467282e-02
1.114485125574410512e-01
1.114288941696140178e-01
3.519013047509905956e+00
1.638721636239187929e-01
6.676312667156431013e-02
1.923909626757784319e-01
1.766512956894910058e-01
1.847629272471787987e-01
9.147104134943034870e-02
4.551774646096883731e-02
1.036464500624971474e-01
1.027103080431317067e-01
1.170752158377541541e-01
1.905780200106180766e-01
1.004582329496833265e-01
2.046407973293448701e-01
6.259670544353482247e-02
1.113075781380502977e-01
1.012503317292208910e-01
7.152865441958411452e-02
5.003686851507076483e-01
7.282498008716153937e-02
4.194448382331147918e-02
1.040862482248702536e-01
7.174187244325594404e-02
7.154393187920750352e-02
4.557611650110601764e-02
1.112208885721720081e-01
7.711166772274330450e-02
2.478596500601426555e-01
5.010833739039155521e-02
8.469339415376285485e-02
1.059743685696411808e-01
4.496997093427079067e-02
1.148597464391483414e-01
1.013917189919229800e-01
8.751593963290442424e-02
2.004314118740155026e-01
1.709408527445469839e-01
6.837339220495386449e-02
1.013829514348911498e-01
1.573911368382708287e-01
7.751250851484255133e-02
1.025138820251237232e-01
5.571991406962243515e-02
1.732928022418311620e-01
1.330489436664991088e-01
1.250827183081542615e-01
2.008991629390830536e-01
2.306620691073527907e-01
5.444597530282944131e-01
1.014459395316445606e-01
9.859972328463385838e-02
9.105573033090391677e-02
1.448023759794118681e-01
6.467295635504557993e-02
1.002900390916656032e-01
4.364937928122602367e-02
8.566790242653057885e-02
1.111320952718333199e-01
3.140679043016794680e-01
4.621842958672433416e-02
8.833326154848634981e-02
1.139846162564924076e-01
7.725468209491036242e-02
1.252453037801280755e-01
9.757697668564667415e-02
5.806452686966025872e-02
5.648182777197671700e-02
1.430626554840961073e-01
2.506348281481159734e+00
2.396539823452720208e-01
7.787076910162617216e-02
1.114200020583415163e-01
1.266125499970326418e-01
9.613531348234388707e-02
1.198105303079974870e-01
1.019213535209850530e-01
5.269835919793543905e-02
1.000449570436478808e-01
1.494725356128098759e-01
1.170195351671857315e-01
9.316547381495884905e-02
1.001272805161870227e-01
1.669142259117387950e-01
9.118717607050923213e-02
1.092453176140176369e-01
7.035419330947755012e-02
8.388646735752069983e-02
1.194290081186109020e-01
1.264280721504327520e-01
8.224213038625264316e-01
1.501832732003235138e-01
1.005864696227009442e-01
7.487030200181715722e-01
5.079034510003679198e-02
9.135934371696828593e-02
8.598917143100370808e-01
4.553416753580316612e-02
1.609940832318360049e-01
1.977174910560672849e-01
9.524132566034250458e-02
9.121182635549927864e-02
8.564508699137114711e-02
8.955221014553059466e-02
1.336391454233006038e-01
1.523068707689610168e-01
1.006222114311130233e-01
3.349057312384801782e-02
1.111616614935567321e-01
8.778013875330491211e-02
8.636974257109898689e-02
9.237376390674274795e-02
1.283060227202836856e-01
1.005595667029108853e-01
7.644707408835102469e-02
1.678215453910771593e-01
5.926954899095056989e-02
2.207069294134174076e+00
8.362751530785662857e-02
1.165739590539558723e-01
8.470972163913015329e-02
1.277490771210283982e-01
5.665021552515170367e-02
5.916104158808937336e-02
5.535281959250486911e-02
1.667601114289002373e-01
1.006853547868380439e-01
1.259866811950942633e-01
7.698416600847705904e-02
5.789506145883904081e-02
6.273528809094960912e-02
1.131189606164966499e-01
1.130789450948666286e-01
8.365657947740480493e-02
9.119122633154284896e-02
1.241913280343071579e-01
5.898072120919852640e-02
6.666500316535751980e-02
8.334732741631632746e-02
2.001512966591300346e-01
1.111264013177056392e-01
1.042682325766830231e-01
1.561816008506082265e-01
1.004626662330341674e-01
2.062264808277604056e-01
1.257717429526585828e-01
3.851500668206511713e-02
1.061515584054169015e-01
1.251232466606720106e-01
8.341149636819743252e-02
4.380606222227121510e-02
3.358420671278291025e-01
2.564611002415510543e-01
5.560347280539387760e-02
1.250167245815410610e-01
1.354120183853774473e-01
5.461740419672371782e-01
6.273258256103600439e-02
9.121280740535830933e-02
3.924601407014893101e-02
2.001906004620188084e-01
6.764680799671651812e-02
1.659117364704446873e-01
2.283968396099185227e-01
1.148287459842857322e-01
3.078479310238774191e-01
6.721147971275377719e-02
1.152436997378080835e-01
1.472855188881701249e-01
4.970634643662218410e-01
9.377172566949400212e-02
1.249715449395364109e-01
9.489183108423370427e+00
