6.654727927219235284e-02
4.218675386120687709e-02
6.253972884037230229e-02
1.111501930830654516e-01
9.363031800835064367e-02
8.398755236245310229e-02
1.002251566617977929e-01
8.344537330232225381e-02
9.091266855907287336e-02
1.431110403905042627e-01
3.335199181796320855e-02
1.476106814875577100e-01
6.675331695604812265e-02
6.299106828667934421e-02
1.132580235891591236e-01
2.942613541270580960e-02
3.578794075601164637e-02
7.160886112161579664e-02
1.114248890922214658e-01
1.283811998020813749e-01
7.803961165975296932e-02
7.144007917024411403e-02
7.713715596036990751e-02
4.584263631364160485e-02
1.250497041860820502e-01
1.428757970049649717e-01
8.478726396744202987e+01
2.273106562562221544e-02
6.252015741922981040e-02
1.114321068198796394e-01
1.252634441671200694e-01
1.156620396034132026e-01
1.015766858595082561e-01
4.004681579189971891e-02
7.154232481468432436e-02
6.250446141322771321e-02
1.726515029066919837e-01
4.751274994726915890e-02
1.428624259346960579e-01
3.336609884245848173e-02
5.981186456749035263e-02
1.000074186273831184e-01
7.743397164867404925e-02
7.692876688259783768e-02
6.667157507126127147e-02
4.778908361426236623e-02
8.233977106830285553e-02
3.921413603559737587e-02
1.111151952561925671e-01
1.131895632999472823e-01
3.607819478105935285e-01
5.891087821375820544e-02
7.143366148898973311e-02
7.692979713839163958e-02
