7.217691904634722377e-02
6.672370018484571896e-02
9.094975310835574922e-02
1.761223116442613423e-01
1.314836272622298852e+00
8.817961844423201967e+00
3.025627800582332272e-01
1.114287340943214688e-01
3.357920411546043704e-01
6.014822869332814292e-02
5.298205034782662443e-02
6.675838349583226861e-02
8.366493006098035812e-02
5.561627177954528434e-02
1.200393788331200612e-01
1.255177741458972096e-01
9.118540661989937846e-02
2.175713293241144097e-01
3.615166746529222680e-02
1.002114379943568334e-01
1.001470914426612346e-01
5.893074730089625790e-02
1.430068983467872867e-01
8.333983003035309867e-02
4.214631533525173973e-02
5.439467594065972023e-02
1.667754126158374206e-01
5.271180818776179111e-02
4.865167174930928873e-02
5.896552476247721164e-02
8.388047475226968752e-02
3.144877049279627967e-01
1.428711512194340560e-01
7.803385440662188866e-02
2.094920009148857898e-01
3.599521836112255790e-02
1.000007446472462869e-01
1.684004358646524480e-01
2.076466545662657981e-01
7.144238925911419735e-02
1.437292077108288380e-01
1.160998239807434107e+00
5.076940861891103829e-01
8.887480655062929280e-02
4.170262397199198112e-02
3.335535083194395012e-02
9.091945836600348607e-02
1.250139273379540228e-01
5.886589667846636731e-02
1.664018467221701769e+01
2.001862502761956042e-01
1.668210416762084536e-01
6.668421796009607605e-02
6.803933246305135185e+00
3.248651779375209825e-02
7.202710566342408749e-02
1.116778564314962197e-01
3.604473120501058836e-01
7.715612675065489090e-02
7.884814397445527590e-02
4.355580911927649929e-02
8.908023364660482002e-02
1.121075951904438733e-01
7.577385417052065475e-02
1.111113834800688954e-01
4.763048475403190013e-02
2.709051024784340234e-01
8.334597547778967164e-02
8.338271730063119558e-02
2.497954516797928071e-01
1.000392998073272172e-01
6.250609056380648787e-02
6.295314154955120589e-01
6.666923006556563225e-02
6.667479567586731548e-02
9.097065919984897997e-02
3.452184067683100599e-02
6.875908422100911188e-02
7.717999533002974089e-02
1.243434954105056833e-01
1.669058648365387698e-01
1.112251062375524124e-01
1.111254285314285106e-01
9.091050637452456618e-02
5.275404828951662378e-02
1.257895637658835442e-01
5.264747909338395038e-02
6.667479230591609463e-02
1.251519749188687858e-01
1.862413337264434421e-01
1.111281460110171704e-01
5.000249555680748303e-02
5.555613326037207172e-02
9.092581279497102820e-02
3.576862068918390536e-02
1.000066421049567167e-01
4.503400070400804395e-02
8.334151731471017843e-02
5.322313099659984476e-02
1.658290678043165545e-01
1.252231580555002999e-01
1.668453312501946006e-01
1.111284918095072349e-01
5.003614410449223893e-02
6.672581488316839393e-02
1.251916251624755616e-01
1.250137279596006679e-01
2.325307973790829985e-01
3.337435743476722949e-02
1.114545680989980359e-01
7.725026329543017989e-02
1.250167654343314061e-01
3.128503971699565789e-02
1.129210908223735460e-01
3.865586291623493431e-02
9.278783655837850863e-02
5.524131853982947732e-02
1.102385114150774142e-01
7.692995919798462090e-02
6.646204518764983749e-02
7.064253636671365966e-01
3.731773561133173295e-02
7.695317242988325424e-02
6.250398578339959321e-02
4.842855412271521859e-02
5.583408701364526300e-02
1.938723883701006789e+00
5.885420772899608438e-02
1.429424423334543781e-01
7.696561464628727534e-02
1.713341331750493080e-01
7.704039331829780346e-02
1.666993755245971265e-01
7.541104749952862174e-02
9.101220699596437869e-02
8.340832292132588366e-02
8.465458130571834605e-02
1.000825967041781145e-01
9.651492336960076912e-02
6.264672803644850962e-02
1.428791032359092716e-01
1.250731697421266497e-01
1.111863145544555315e-01
6.253586649977418976e-02
1.050977398718585809e-01
8.333589079061627658e-02
1.708965510374236274e-01
4.771381363143630677e-02
1.250174380286491471e-01
1.112028261288693642e-01
6.250828993035568992e-02
8.334143376460088903e-02
8.334718200031891733e-02
6.025372061350467434e-02
7.694366631053786709e-02
7.163368157913065082e-02
1.004998878484099079e-01
1.429144066294523452e-01
2.786545442732991928e-02
5.086176004233807640e-02
1.668156892793294654e-01
1.669332860927226492e-01
7.933184117740330055e-02
1.000445492034341133e-01
7.695218284589701307e-02
4.776214096540234294e-02
1.428716528435605426e-01
7.749029400322986021e+02
1.111358908811225649e-01
1.134862106896764727e-01
1.503594949756473509e-01
5.562180200957736464e-02
6.250473383506177649e-02
7.694050282740837188e-02
7.828126231717463801e-02
5.269163051655410823e-02
8.392383702241885957e-02
1.112115439888959473e-01
1.250147925155302153e-01
3.710225054812768541e-02
6.669525811991773578e-02
4.001459423209498961e-02
9.796954123723290719e-02
6.665429990674483218e-02
9.093332288508088057e-02
1.756282577713674520e-01
1.250457841623653366e-01
6.668443280315909660e-02
5.598278281241476917e-02
9.133566125799967572e-02
1.667023748414796502e-01
1.005983999172788829e-01
9.123219252657595313e-02
9.091599866354931059e-02
9.094360569303830411e-02
7.694206456699567709e-02
1.007975755634775705e-01
7.716298001405416662e-02
3.462635188118875357e-02
1.000861752831582602e-01
4.167915375917558007e-02
1.293583008527194600e-01
7.694158316450064317e-02
1.001222679487710210e-01
5.882921284034908077e-02
6.513961538259160911e-02
9.091536185371543177e-02
7.149578069601754404e-02
1.501526050063776985e-01
1.494548498998353459e-01
8.133249427821136190e-02
1.431703732760964964e-01
6.669655979964589365e-02
1.254938438635314069e-01
1.114547125418586665e-01
5.885973461725866468e-02
1.118668461395117414e-01
8.349967460068029312e-02
1.111270012535917479e-01
9.092793501231777320e-02
5.903556177027891039e-02
5.887611916120293748e-02
9.094963142918453813e-02
9.099714004334984174e-02
1.428578117317141072e-01
4.795082677626950202e-02
8.334051473312470426e-02
1.006957915121582392e-01
1.668352816249188963e-01
9.101528469831729473e-02
6.266824139718767117e-02
1.428698564953440608e-01
1.428737420278506642e-01
7.729472787162094960e-02
7.144352553849898924e-02
6.257576483480384311e-02
3.402648730497576102e-01
8.333780672070965900e-02
3.201891182338049285e-02
8.334597051941335100e-02
1.000189505766172493e-01
9.091403949556466080e-02
1.016747554469085574e-01
4.182960581680282841e-01
6.670584748885982629e-02
1.121202447611580472e-01
1.111180521761643836e-01
1.000147851202224381e-01
7.144095918689920277e-02
1.250655374884498960e-01
7.693299097152023203e-02
4.351947331941188185e-02
4.353893573766091235e-02
7.147793938032220851e-02
9.092163146264931051e-02
1.589887884693393927e-01
1.131274860052516734e-01
1.428577737784161583e-01
1.005734024445000541e-01
5.440433187577616014e-02
1.206451010657739187e-01
6.673784226229617644e-02
4.546104872763576804e-02
1.433778165942096172e-01
5.947922788585116582e-02
7.516060110196340349e-02
7.237807950593344586e-02
8.368763317666048918e-02
8.612837370588042329e-01
6.673219292198774577e-02
2.277357026122709197e-02
3.100020606556698199e-01
9.200387050301234160e-02
1.430347359636546523e-01
4.773818361069694788e-02
9.098959019293931250e-02
1.111136117910881266e-01
1.250541056654112526e-01
1.000695430908665473e-01
9.092120992603934526e-02
9.119040638684859645e-02
6.755814619679961774e-02
9.093190613001721212e-02
