1.422298326887665998e-01
8.419153310936956791e-02
2.000738963418726146e-01
1.113101870983031483e-01
3.894824244434402782e-02
2.888865149146593869e-01
5.595498012782667424e-02
1.037625195895678643e-01
9.112118821532204371e-02
3.364797305602569566e-02
5.590189067127715461e-02
7.210929736856482031e-02
9.092151488375033175e-02
3.305874447961875684e-01
3.428717524918625109e-02
3.129093582491898617e-02
9.091366041122501962e-02
7.143905433182941300e-02
2.838169137703712708e-01
4.579528868035997319e-02
4.763222928431607578e-02
7.156485917635412031e-02
6.333467880840362718e-02
1.047063998119201894e-01
3.646559462862175582e-02
8.494820226250775208e-02
6.668257445477188128e-02
1.111163773084150458e-01
1.000459833083945094e-01
