8.371408009831621255e-02
1.371776602265379896e-01
5.883455803796416861e-02
1.111556296831753277e-01
4.710784490543528102e-01
9.456191250889812994e-02
9.120952289792723378e-02
8.333741141685852005e-02
8.366831501560478834e-02
6.677000784441951275e-02
3.708876525982698902e-02
1.045879053518750518e-01
9.118299184170285121e-02
1.000613941743314639e-01
4.784541791193891447e-02
1.496429529052080154e-01
3.333623172670479029e-01
3.341754252610375509e-01
7.178892689032358165e-02
8.333514841001991857e-02
2.012097667681853608e-01
9.676918432985247287e-02
1.973801007589791601e+00
2.566789045143774706e-01
1.132473717945056690e-01
7.143073701397932573e-02
1.996980847476715615e-01
7.156108190668365732e-02
5.001132941974111012e-02
1.000119880135041106e-01
3.574038867943905157e-02
7.692615640591633774e-02
1.111594526509687708e-01
6.261397702161250467e-02
1.000702845917197104e-01
5.282986089509389416e-02
2.003139221772609058e-01
3.333467013095360865e-01
9.105609130926542449e-02
3.309567839124955002e-02
7.202035158324775199e-02
4.765371610953272885e-02
5.412621689895881494e-02
9.167692890558289120e-02
5.882570389561953689e-02
1.252292562014006572e-01
5.273869289786792258e-02
6.257020698711113216e-02
6.811495464306117631e-01
5.594198723230460468e-02
2.871047146795648874e+00
6.668964488722847750e-02
6.251541552354593356e-02
1.428985451414752361e-01
4.419972476525276667e-02
4.770524881344050810e-02
1.591574022493419116e-01
1.111495403338866594e-01
5.883174361522242046e-02
9.091041150020981454e-02
6.676883465413301078e-02
1.076921313269235958e-01
4.212719999805597526e-02
9.949854938305675855e-02
6.671912492559450847e-02
5.267379828015057025e-02
1.176067245052151988e-01
9.114904758753011871e-02
1.000235882241849728e-01
7.235677766776013597e-02
2.508871704367161004e-01
8.103360645709119237e-02
3.904656796367267368e-02
7.695407768076381605e-02
1.570562871888162293e-01
1.429684057797722119e-01
1.556853928434405732e-01
1.019506711573653635e-01
