2.504826944292146140e-01
1.113193247154485727e-01
7.711888227608894308e-02
8.335973169634929014e-02
1.251924040726844767e-01
1.250116822908081682e-01
1.000207518804161894e-01
8.366427124762178258e-02
3.848780991242927579e-02
9.114755324854978413e-02
8.334050077445392946e-02
1.113388744941503083e-01
1.000382063162808810e-01
1.128172304128852166e-01
3.598747929315114502e-02
9.093828471471027131e-02
2.012029560791440685e-01
1.246781405227396916e-01
7.698160715364761597e-02
1.191402984970754281e-01
1.973537260980038621e-01
4.091729466098418810e-01
5.001174702251058590e-02
1.001108342386428235e-01
1.000018890547438727e-01
1.460267483505333919e-01
2.349919879971369419e-01
6.666750424118651763e-02
8.337087724203806616e-02
1.440219510642118395e-01
1.000280190334262437e-01
1.471605433857858247e-01
1.429464630744199383e-01
9.062667998963526428e-02
8.335259882051943015e-02
6.667015980701175570e-02
6.667617022207365796e-02
4.429361771492337785e-02
6.277677915000007269e-02
4.153488508118910461e-02
1.251693941384049436e-01
8.333372267324280769e-02
1.000576987346663005e-01
2.956009364125799371e-02
1.000003885340627202e-01
9.122143122972915796e-02
1.411156021601172039e-01
1.000319142782348375e-01
1.112318990980264016e-01
1.111314915453291002e-01
7.144123049390571634e-02
1.111381476549804515e-01
7.692432287987764628e-02
2.228133888418319108e-01
7.964223776708215241e-02
1.429852724824209886e-01
1.010492857604491784e-01
3.896765851346144227e-02
9.091272338263735320e-02
5.555923559107516646e-02
1.131177138432039875e-01
8.333351850316007836e-02
9.108326894033279275e-02
7.144872911054359066e-02
6.739808221438065017e-02
1.000201829774757523e-01
9.112834530784520715e-02
1.000015012136688669e-01
1.002521223554268259e-01
2.137834767362499777e-01
6.667364350523079242e-02
1.002464338584419662e-01
3.587633854565677044e-02
5.263618532799779759e-02
1.926752811719520397e-01
9.090931841529359403e-02
7.147169780134163264e-02
1.429583931436115563e-01
1.458039002668367334e-01
7.142973154849203976e-02
5.885462764478619629e-02
1.666778858537447672e-01
1.434817668716546202e-01
8.337067866796858684e-02
5.562991637793379684e-02
5.884368739707120100e-02
7.143912751239551995e-02
1.112198729194286279e-01
7.692689725169168935e-02
1.008089904759572886e-01
7.150795727614862873e-02
6.667138468418838670e-02
9.093010013324881458e-02
8.398111131557693676e-02
3.941160853876299330e-02
6.398223447463922964e-02
1.111887555400825900e-01
1.111257645802263133e-01
8.516221708100239762e-02
9.104106689763925842e-02
9.106587604632551680e-02
9.092607736790075945e-02
7.784660459868047999e-02
1.000105501328106411e-01
6.261075628639893587e-02
7.876193577624229780e-02
5.263246036062332878e-02
1.870015875691260765e-01
3.085470420234855127e-02
7.144432707554305984e-02
1.080183010924470333e+00
6.254654484557016503e-02
1.000001468663349879e-01
1.032115720412197235e-01
1.775413590087611404e-01
5.888767898454990574e-02
6.667768726989294070e-02
8.505671861047579829e-02
9.092330466876813455e-02
6.666952348434621034e-02
9.150966950032456138e-02
1.111418632729722078e-01
6.256312122033749756e-02
2.644929022669592622e-02
9.091030440541350566e-02
1.001294910124437276e-01
1.473378025238850364e-01
8.333497950246838981e-02
9.565454789696845039e-02
1.115107243526547859e-01
5.886309938509063505e-02
1.444430354981077469e-01
1.000667910357787849e-01
1.149576116531781794e-01
2.989931696733896804e-02
1.111121301023268587e-01
1.250394890691475247e-01
1.115696435437629058e-01
3.623994615403255182e+00
1.000001161891524715e-01
2.962337466914482520e-01
7.194748191109433255e-02
5.000715449049321359e-02
1.442878387897508774e-01
1.000069541893250646e-01
2.121473783776193223e-01
6.253870155042783041e-02
8.340944672083860922e-02
1.144594783210651362e-01
1.112774182433688280e-01
2.885578096155587136e-01
1.211018083995177713e-01
7.149535800361239701e-02
3.872781006532670378e-02
