6.326509624171426649e-02
7.535923240239532361e-02
5.017277889218321046e-02
7.327949613531785367e-02
1.002904917967662179e-01
1.111172772169127243e-01
1.002394397182140018e-01
3.465585017849386745e-02
1.001062480918688269e-01
1.402657590850483871e+01
6.667013324097255389e-02
1.055725537354603727e-01
9.114546368166212553e-02
1.250022744100568739e-01
8.550465436487680870e-02
7.035527934257976290e-02
5.892053817039212549e-02
1.666883237642743376e-01
3.783852184488823572e-02
1.113014710375601068e-01
1.253995964777128713e-01
6.257104093811462209e-02
5.886971746646545156e-02
1.134847249504368494e-01
5.508186384507036959e-02
7.693802166303688461e-02
1.673862403693584244e-01
9.092371354817491147e-02
9.122595766573411702e-02
9.104279770658897653e-02
1.140066603662069772e-01
2.063611186640318673e-01
7.174614558095696037e-02
3.124503664546771087e-01
3.133869481763760373e-02
9.163501761581263616e-02
5.002588471953641619e-02
4.115357427242948285e-01
1.695131138144715388e-01
6.253822532831142256e-02
9.091858824532188244e-02
5.925406466625054297e-02
3.988208968506280067e-02
4.157603149742010451e-02
1.111278135041688653e-01
7.528871790983537871e-02
8.353062338148121990e-02
3.468707991425020009e+04
8.333532093842478672e-02
5.571883650170613572e-02
3.334940272970812192e-01
5.001130466024415050e-02
6.483727591237241350e-02
1.047738708404052088e-01
2.554271762435698090e-01
1.474505736535370037e-01
5.897279975781508088e-02
7.693521805442293804e-02
1.082041696511453488e-01
9.413691635393411916e-02
7.154003331462853443e-02
5.558031625568653905e-02
1.131707546023409949e-01
8.383624849454775207e-02
2.000202458366378555e-01
1.250231622220671912e-01
8.338958634059646935e-02
5.000919822743624815e-02
7.692923995105151180e-02
7.692980407661470510e-02
7.143778792344086803e-02
6.703639954519304001e-02
6.667062251068874013e-02
8.333593319129690979e-02
7.727632274838057425e-02
1.120444925451522800e-01
1.151100918537118489e-01
9.319426229234348269e-02
2.003744276564869975e-01
1.000010192707050799e-01
1.000182418143487489e-01
4.167176535235195961e-02
9.168452356691564331e-02
1.114865367118188927e-01
1.259202590033532132e-01
8.385461682310464682e-02
7.693221428466077982e-02
1.000051265173550197e-01
8.975273140517836534e-02
3.847997991817508900e-02
7.150790903347943595e-02
1.005456346638199105e-01
7.310647482326800006e-02
6.844886976169264892e-02
3.611892529832470139e-02
8.020604957931094792e-02
8.343479495814616620e-02
7.791597688917134557e-02
