1.033263634323547814e-01
7.145042693642703058e-02
9.114307099131932488e-02
8.091459800496544896e-02
1.191629159277331346e-01
1.004194604933917601e-01
1.212438634204902749e-01
1.249386789485861238e-01
7.379132285675552017e-02
7.850760482918822669e-02
4.347888725610678934e-02
4.612668320717672743e-01
1.001938729632223940e-01
7.274633827364662686e-02
4.935514182589539889e-01
1.499759440652158882e-01
6.174156421953293228e-02
2.655040879466951526e-02
9.980103787421609240e+01
9.198934474666441152e-02
1.001215664503748021e-01
4.323090910849476665e-02
5.298894384474733127e-02
9.455474978765297800e-02
9.116065052242809663e-02
7.260111899516964729e-02
5.873127102097970564e-02
6.424382538012764210e-02
4.789359949794615157e-02
9.740695310312301458e-02
1.439429848953848734e-01
2.860118041401862876e-01
5.574766726552778801e-02
7.178110886413043012e-02
1.111369409073531406e-01
7.715691751889967864e-02
9.143254359214085525e-02
3.673443873596184128e-02
7.695179824165468419e-02
9.125149374936346314e-02
4.210507112174551730e-02
6.667926710921555367e-02
8.403731690080466776e-02
8.342151185374159506e-02
1.368037448129952316e-01
5.004117118922486729e-02
1.315613295794228754e-01
1.279625585712877989e-01
6.689075395161417359e-02
8.757953410990358956e-01
2.994961374840098001e-02
1.472564342974408995e+06
8.449890722740627247e-02
7.180785143896795120e-02
1.676641631350638539e-01
1.250556489722635389e-01
7.696126419806942343e-02
4.549030445914186566e-02
3.815840845732013098e-01
8.174071506911455287e-02
6.862647763771451137e-02
1.250780631893364248e-01
1.432517031911242356e-01
1.694997197126772992e-01
7.694882268465212671e-02
1.441595453735091681e-01
9.344910912069348541e-02
6.250786765959358282e-02
1.112953715587017833e-01
9.094975701685702185e-02
9.095362063650792861e-02
4.354618666147883066e-02
2.157476976575603833e-01
2.057069940114598428e+00
7.724926642209975491e-02
1.505758259888674566e-01
1.263983060277378279e-01
2.788166647782888141e-01
1.204287663477336401e-01
8.409925465517122112e-02
8.512139688721766240e-02
7.180398149899366866e-02
6.829499645382119954e-02
2.642071283497311740e-02
8.336444182863617103e-02
6.682177310532232128e-02
1.112199791861516740e-01
5.891518482724742573e-02
9.094748633554243511e-02
1.112933803864468718e-01
4.391492272469829650e-02
4.168328449072642577e-02
5.397392153990467456e+00
1.003778252871887489e-01
8.357982723208434717e-02
2.869777974447093594e-01
1.089800798254117187e-01
5.885733590899183687e-02
9.097093926245182482e-02
9.077267528201993230e-02
5.011730858014067091e-02
7.739732534130726316e-02
5.275874724705532232e-02
1.291071253274164166e-01
7.694714377660426263e-02
2.143684086199371119e-01
1.111781268971572534e-01
1.080571763715520855e-01
1.137992304483278899e-01
