7.161922951061526488e-02
2.001258403839335787e-01
2.962079741216074383e-02
5.039140040948418553e-02
1.003733022559087917e-01
7.147600122207001250e-02
3.351377428312845574e-01
1.257126055381286300e-01
1.118743792112383423e-01
1.001561497429579034e-01
1.669832504624409741e-01
1.111207717578952814e-01
1.422524012854052555e-01
1.111621650222274493e-01
1.282243621044272475e+00
5.274753208291234341e-02
1.619220775568447346e-01
2.000035915028533784e-01
7.942640484687986391e-02
4.742994286542852600e-01
9.103398026005561638e-02
1.502050563127599880e-01
1.428632479908906738e-01
1.591266508853629302e-01
9.150887256709099027e-02
6.043054577257204324e-02
1.134696308265974229e+00
8.374886245553871122e-02
8.357569747659586434e-02
1.111156408142867508e-01
9.091729667093889633e-02
7.804987070242327962e-02
3.855963763917307774e-01
7.152654201113099741e-02
1.590916421265920755e-01
3.339416869588979764e-01
1.216711724103877040e-01
1.430511698347133598e-01
8.359830271648731326e-02
