1.250244298647541497e-01
8.029400800593633480e-02
1.250080609638128670e-01
7.757907630513084796e-02
1.111213004614004796e-01
9.090995587526597144e-02
1.277271887274219475e-01
7.161515597606689376e-02
4.879595551340301651e-02
1.001357014085477032e-01
1.314726952091955225e-01
1.252989137372474415e-01
5.566602548732738076e-02
6.672021864935057112e-02
4.759879399509543696e-02
3.529408816896143719e+01
7.148227251611546929e-02
6.250468114137693043e-02
1.678615697328473377e+00
9.362001475404438389e-02
1.250099066122795366e-01
9.455474588624671384e+00
3.157400260499723665e-01
6.835443048451260717e-01
7.172032321448311432e-02
7.633913868990356566e-02
7.175088413212835081e-02
2.242825922520566007e-01
1.014015615528490039e-01
1.008283400826411186e-01
8.406285028651412639e-02
3.721256600629820749e-02
1.011222027405892926e-01
1.222096130287970706e-01
1.501174407302075797e-01
1.431231460329352168e-01
1.112150710307386603e-01
4.352672273716017004e-02
7.606926262223610846e-02
1.710397453296009784e-01
7.145107086133936636e-02
1.252445078483208629e-01
1.277481248287914983e-01
1.114905460252147151e-01
1.782208243367021105e-01
1.495400596425377482e-01
7.639655387939252307e-02
7.880777933859053896e-02
1.250150533065661484e-01
1.223824831866439783e-01
6.667978987587819262e-02
1.251237021347480216e-01
1.269797572519446860e-01
6.185986185874264159e-02
7.693002376381331830e-02
1.192621255810632080e-01
4.106199432175625802e-02
1.063146767709623602e-01
1.125162967309482481e-01
1.000191609831525830e-01
1.000033074872746369e-01
1.127154348262496414e-01
1.259163275210140043e-01
1.111111874510010700e-01
1.250136828565414915e-01
1.470859873766977022e-01
1.118089476923745107e-01
1.029448090401076932e-01
1.428614120387026176e-01
7.709728096604470671e-02
7.181053046823296371e-02
1.127682107572018644e-01
1.005650381085744505e-01
1.191028050838465607e-01
8.336014883290060462e-02
1.006891262872506854e-01
2.678658384468251552e-01
1.250005259179384209e-01
9.096859558670190860e-02
3.191360643684303805e-02
4.485982799794447473e+00
8.416673946947650364e-02
1.000445709292285545e-01
3.730974394266437649e-02
2.000008959965249300e-01
1.136318201453619531e-01
9.015571649881316818e-02
9.210577165845684755e-02
1.111192605323506472e-01
1.150366052426416152e-01
1.428881082410909109e-01
1.428577779184478369e-01
1.263164814195145980e-01
5.781444248821173693e-01
5.253470284601382545e-01
8.393995448201992116e-02
6.112553053947124004e-01
4.565304571596924543e-02
4.675291511427375757e-01
6.924806514158790560e-02
1.075102120191627347e-01
1.266456825087471372e-01
6.631143660483134639e+00
7.312465848331838048e-02
2.237086190599904822e-01
6.749574357144144665e-02
6.496962491703697773e-02
7.169035355812464205e-02
2.838721863863895023e-01
1.528606089533181556e-01
1.256555268639001355e-01
3.240836762841092789e-02
4.900442164499211328e-01
4.924626407101796027e-02
6.741023101215817825e-02
1.250088980186241927e-01
1.015755849510986547e-01
1.019504722674766661e-01
1.000008672406551835e-01
1.250872720489996093e-01
1.877855391331682000e-01
5.582432281680464736e-02
8.745253916241137182e-02
1.684020957736712676e-01
3.727624755200380918e-02
6.335230883379540379e-02
1.111623570378934556e-01
1.250117316982392590e-01
1.591151228802611395e-01
1.007822707942942209e-01
8.366351711070812991e-02
7.188946316894594124e-02
6.246565867867119870e-01
9.102317564248618709e-02
4.447522893173753294e-02
1.112033247629481969e-01
1.599514205240806786e-01
6.891146366746948859e-02
1.699650318002562388e-01
2.177292191543431787e-01
7.662375512017982615e-02
1.428597142336586745e-01
1.281563641360667360e-01
9.668250165669907414e-02
9.649043213774052830e-02
9.223677287497437760e+00
1.666916757769656421e-01
1.291005871646623004e-01
8.565638721575989656e-02
1.170314617675009133e-01
1.021122913130719789e-01
5.386645206462542523e-02
1.111112390141089368e-01
1.518403204499431947e-01
7.692751024154725892e-02
1.197495068734833606e-01
1.456377188332460326e+00
1.260695810477603374e-01
7.649812284265958273e-02
1.009147942719950952e-01
