5.929938043196993080e-02
4.354668378119543048e-02
3.340837295199568929e-02
5.179846750356288609e+00
1.000293736238508091e-01
4.546803287042719410e-02
9.118658340810124885e-02
1.297773847299254490e-01
7.747609158024296172e-02
8.222080143789994855e-02
1.313136045077755165e-01
1.112910892625260662e-01
7.400549406794235119e-02
1.252319730793161612e-01
1.000160981375522729e-01
8.249650174540007486e-02
4.419480348773845851e-02
3.442850796344224668e-02
8.419254186117047789e-02
1.116551265020549466e-01
5.368632985390794921e-02
1.000205336427671537e-01
1.193178336682482854e+00
1.114882048293818761e-01
1.111755565711909644e-01
5.818570673170407603e-02
5.615149009530401303e-01
1.009009151002066840e-01
1.000177110257197965e-01
9.384488602031787474e-02
8.343536434223275400e-02
1.111264791617561781e-01
1.127489570249851636e-01
1.000961404491876594e-01
7.095388257103296681e-01
1.840673229825115220e-01
7.714368708985878120e-01
9.096840116775353757e-02
7.717761974419165560e-02
3.707164111062898754e-02
8.804019556944296665e-02
1.428600134874276895e-01
2.329892143633184934e-02
1.485813121267242909e-01
1.819142315897470941e-01
1.136448231502061312e-01
3.912356611369921522e-02
8.409844462120635855e-02
1.251742939684389044e-01
1.468704848511497851e-01
8.340242142458033359e-02
3.912803450525802890e-02
7.697192452321519052e-02
6.558246059028004227e-02
4.953925403816418771e-01
1.932507825239097587e-01
7.146460982551114394e-02
5.741738887238408834e-02
9.158940147364512396e-02
1.355872663969835135e-01
9.093311957392261058e-02
7.695879801620335303e-02
3.499340607620834986e-02
7.778870737968003601e-02
1.452198657883655708e-01
7.655455162257875923e-01
3.725361066361741746e-02
6.330083330071213654e-02
5.815042471215466080e-02
1.044203399683128752e-01
7.243471508941348724e-02
7.176133964629453910e-02
1.429500142831319487e-01
2.768331299318643191e-01
9.175993434860441056e-02
1.515684038607238993e-01
7.867009471118002750e-02
5.549030634391022287e-02
8.465420786214111759e-02
5.064456070026572831e-01
6.358876752340139604e-02
7.189413113395790034e-02
7.732313528993563223e-02
1.288847860278293789e-01
3.618269272853862767e-02
1.116670184713411396e-01
7.155742613067006541e-02
1.017399822633620887e-01
5.419171250510185223e-01
8.353715642963500942e-02
3.184585493959644908e-02
5.288575119206843089e-01
1.429038292124878151e-01
1.250847093162207324e-01
8.353083586428811103e-02
9.095805683441614276e-02
8.554052592708821789e-02
9.584861273864050957e-02
2.516709509744644357e+00
2.863847964028531368e-01
5.242825151496273428e-02
1.647447267141784744e-01
1.111199872186546256e-01
2.000067959727758193e-01
1.770784471209896627e-01
6.780242446144495172e-02
1.439883597555954575e-01
1.003819121819382321e-01
1.502171344086312144e-01
2.580576453790509595e-01
1.302236800606956790e-01
5.900670782726510910e-02
1.111178392629947886e-01
8.536986104353638805e-02
1.828096263707534308e-01
5.200597162175581850e-02
1.451666964525516190e-01
6.794380555342512118e-02
6.252828204755229990e-02
1.112894482768194693e-01
8.616776574993949278e-02
2.505398751426869408e-01
1.111638685349844724e-01
1.000905088732846338e-01
2.398426359203097158e-01
1.668503735825734857e-01
7.094199878806339843e-02
1.414314253233231178e-01
4.175514126770458329e-02
1.000533085761452085e-01
1.323627447607091723e+00
8.978085239065426715e-02
1.536471808371760173e-01
1.276237970935994726e-01
4.776167066602288180e-02
5.028815310794385596e-01
8.386630087127205924e-02
4.411987000748850835e-02
1.667203755580580482e-01
1.540226107271983169e+00
1.494294220316744637e+00
2.453866252888969868e-01
5.408431098464762110e-01
3.893637411049775954e-02
1.001292543514631095e-01
4.368294091016013125e-02
3.883840448661037836e+00
7.475595295777914817e-02
1.459422776298907320e-01
5.444904538376557079e-01
5.119984694114576573e-02
1.005732795224058007e-01
1.044413130830732367e-01
2.502878737964673861e-01
9.277282800791936124e-02
4.398879516766834169e-02
1.123345592664838771e-01
3.991026668587373261e-02
1.668702965783186720e-01
3.488667725985258872e-01
6.681781251929173882e-02
4.816991141357084838e-01
7.696626287762750596e-02
8.465964189678763796e-02
1.680366333444237581e-01
7.581005824618615441e-02
6.410826228161296825e-02
1.113943364204698222e-01
7.256027900056261082e-02
8.416733105766753542e-02
7.154303250381929824e-02
4.869213555222695611e-02
6.802856977712484765e-02
8.354239458217736780e-02
1.433959728537526346e-01
7.192793855337036024e-02
1.114208252501320828e-01
7.944255874305902743e-02
1.127210917128431411e-01
6.675961957227939669e-02
3.599881371076581182e-02
4.244097697286116494e-02
2.227457747842854552e+00
8.428723512920510696e-02
8.340119362930208113e-02
4.636019628740260146e+01
1.428630531602741172e-01
5.875665483947961620e-02
3.244939164711705543e-02
5.364137617489956461e-02
4.569161295328001693e-02
8.354170576974845330e-02
7.694020647577409777e-02
1.701074138782201484e-01
7.438505924125193847e-02
1.000098120463495388e-01
1.116572147184483887e-01
2.403604314216925830e-01
7.176761495397954160e-02
2.002731997936576247e-01
1.214904949999623257e-01
9.280225521844585879e-02
1.696269309879429033e-01
2.187005979003001088e-01
3.666391698792841880e-01
1.121339558622466703e-01
1.111950738109829390e-01
6.877071751145732992e-02
1.118534747979325755e-01
3.392406040350241792e-02
2.000061123262919516e-01
6.431131925870336996e-01
8.322255143778914399e-02
9.091006893111557019e-02
5.586266026600445606e-02
4.482863028352072204e-02
1.988329590803258551e+00
7.692932838032348619e-02
7.254517414729257097e-02
4.575990465462592000e-02
1.671252063243594543e-01
5.266302893398053936e-02
4.368476159226149930e-02
8.641371434165701082e-02
1.724858057525031907e-01
1.302314002743862054e-01
1.001657261723828407e+00
1.143504228340543466e-01
1.016295261176715647e-01
