7.320501074266728692e-01
1.039883851666649067e-01
1.111444942259589008e-01
1.111704910420750481e-01
1.666731479672039773e-01
2.891445215159016424e+00
1.000066129373659851e-01
1.013872057127265691e+00
6.054917499554970245e-02
1.263896863612120891e-01
1.117115598999917775e-01
7.162966415594156089e-02
1.000116255700776724e-01
6.699544213832135664e-02
1.434555313176351654e-01
9.111162103805024726e-02
7.705181427853405318e-02
1.673130767954144060e-01
4.842836327590014506e-02
1.097639694354711981e+00
6.290320217002774716e-02
9.966403505716618649e-02
7.160640292780894034e-02
8.262590918776858473e+00
1.000015476439186368e-01
6.668695035160861206e-02
3.621234072151995054e-02
1.831756953979994662e-01
1.140991741696676248e-01
2.009902116117131821e-01
8.334123401455267866e-02
4.274061654898575480e-01
1.793978402241578562e+00
1.851328552226048085e-01
1.000471687381370850e-01
5.889825650795103840e-02
1.100555628216747517e-01
6.937205070331348145e-02
1.000014168386114538e-01
7.721072938851467060e-02
6.268833949830326935e-02
7.730715514031999414e-02
7.146049296257668548e-02
