3.192849592191761288e-02
7.702020834164063912e-02
5.866173429528422079e-02
1.012769388775216495e-01
8.372376570833124643e-02
2.630915787713081766e-01
1.008311302438955198e-01
1.027655480265395624e+02
1.202807597526347749e-01
9.149432043067359799e-02
5.677480071162734759e-02
8.369518301560897877e-02
1.675000263643868503e-01
7.262610339471994858e-02
8.488130394044375582e-02
1.008981687303336788e-01
2.742456912641735300e+01
6.129715277981705873e-02
1.432560893353225784e-01
1.667446876180621873e-01
1.004746855535351979e-01
1.134070384821945776e-01
1.141320539593146249e-01
8.494944707071352963e-02
1.252025528729127646e-01
6.306264870007308176e-02
1.250442539358235794e-01
1.806179224944534645e-01
3.138766150282628481e-02
4.589876620018706888e-02
1.131232983968669115e-01
4.211684284153545121e+00
1.127596961677270748e-01
5.575848405761719279e-02
1.339000880988797104e-01
9.201183999571224681e-02
5.965110882219727684e-02
8.391854289444965198e-02
1.146114351254553104e-01
1.857502176346201184e+00
6.659253753761057437e-01
3.810378625124082674e+01
2.793572012218121375e-02
5.560496723560186955e-02
1.184619159149291195e-01
1.004507678054613884e-01
1.000252403398523005e-01
1.231341890783281823e-01
1.571963052536937244e+00
1.192112105608147676e-01
1.000182630763164077e-01
