1.000862493554973282e-01
9.116120366180173462e-02
7.405292407274510769e-02
1.259228658021088187e-01
9.094853429588017901e-02
1.000608348346920529e-01
6.667671201414678006e-02
2.911887671236925226e-02
3.750969238207389755e-02
6.269103104681418570e-02
7.156128667804143029e-02
5.375323461661081492e-02
1.550751631788627738e-01
7.601905698739656880e-02
1.561258079353473605e+00
1.693273833633408276e-01
1.669943487845257091e-01
7.881693923037658145e-02
1.266862324891064595e-01
1.289980772348457150e-01
5.310901913558826321e-02
7.356429534554195238e-01
1.000733585294592415e-01
1.107387735100282405e-01
7.750647179413901189e-02
8.106662799003951925e-01
5.463948583290925004e-02
5.268772985635748751e-02
1.000353998611342721e-01
8.052954724864225255e-02
8.336252800098370441e-02
9.239788057156154977e-02
5.890648641653414147e-02
7.738962131904456032e-02
6.059181494303722548e-01
6.737534221389981925e-02
7.272526506650528466e-01
9.107976847238506701e-02
6.850061545130881058e-02
8.482240880993287269e-02
3.891967619456356275e-01
1.446399776197627440e-01
9.470280846258277707e-02
7.175404669739085528e-02
6.557723387298079742e-02
1.022671194997975264e-01
1.028642383173892089e-01
7.220861187513545609e-02
1.228487676679267948e-01
5.457185384634208880e-01
1.438374236405863538e-01
7.228871373379777698e-02
1.118485453617907160e-01
7.149331220745072657e-02
8.321565683118503642e-02
9.134961580252788649e-02
7.860786560265231593e-02
1.000024166770022288e-01
9.092622025616475812e-02
1.011311052875832339e-01
1.025600263704009169e-01
1.048186128195343347e-01
5.175274175022734902e+00
2.437633319203187376e-01
2.012083501965938326e-01
9.094127946923082073e-02
2.774442955122011778e-01
5.095806428116249343e-02
4.054283171583046574e-02
3.059820611585077621e-02
2.693064317613773628e-01
3.377127228452881519e-02
7.817215729948215341e-02
7.958412252559812772e-02
7.144527112209428377e-02
4.779751799502025833e-02
2.890764346444047589e-02
5.913982185247180362e-02
6.008574950565691991e-02
6.707089011301997639e-02
1.179393446179687194e-01
6.793714923769732239e-02
6.562354032606616816e-02
8.365579652261946608e-02
4.023451467291793704e-01
1.933314272105174370e-01
2.734337466382010575e+02
7.517640874558663810e+00
9.600592703956589702e-02
8.448139720671477004e-02
2.776328730752610635e-02
9.148236765397127490e-02
7.698469642780146616e-02
1.009005515098423816e-01
9.415868306224819961e-02
1.050615669605670377e-01
5.094395990501341537e-02
1.134663407633703103e-01
6.175558897829281496e-02
4.987373380642547427e-01
1.775911694131353247e-01
9.530347789739558595e-02
8.421750016875184652e-02
4.510784865485968631e-02
1.000155119847326163e-01
2.917876289525486722e-02
1.009276093199222013e-01
4.716812657637507733e-02
2.443241318048413324e-01
9.121674545169611292e-02
6.021552039440646736e-02
1.111257814462041776e-01
4.962286790703451106e-02
1.375342706223888323e+00
9.163584390752639586e-02
1.086547346489655924e-01
6.681604867662399583e-02
9.103131374236000939e-02
8.959148256908836538e-01
7.171768528251284969e-02
9.108028595181226483e-02
4.783887022248849152e-02
1.084632027592892811e+01
5.706009188374153163e-02
7.525274252189852187e-02
1.130147250314255392e-01
4.619662126539479940e-01
7.954713346936065355e-02
8.406029004633501500e-02
1.304988836311681055e+00
9.248981721585221305e-02
7.811291848983341335e-02
7.796457443760340666e-02
1.120078973234640979e-01
5.360216747414948968e-02
5.928211433005580594e-02
5.581586583748960467e-02
9.655583785943831765e-02
9.701466393596913651e-02
6.352231222871250471e-02
3.277647423622927381e+00
8.373767240960977576e-02
9.938829316880672116e-02
9.311731977895636170e-02
6.675704157655408533e-02
3.748684450303172572e-02
1.250186752484639119e-01
3.034095820464079440e-01
8.189783591283768260e-02
1.323606192286226335e-01
2.985837736102337978e-02
9.107484513166039242e-02
7.700845619170511303e-02
1.844728756272886461e-01
6.270030184684047270e-02
1.963442148148453859e+00
7.143637862201668298e-02
1.087210701589017281e-01
3.355959762278600683e-02
8.335270355108108375e-02
3.276991967389889654e-02
7.006875774911300314e-02
1.452050726926869262e-01
5.942679158921896354e-01
1.116632419049509994e-01
4.766201616283373410e-02
5.623416007826328306e-02
1.337350375423284277e+00
3.467376157189502317e-01
9.341535584524550406e-02
9.097803355099425004e-02
1.191672835075307663e-01
7.767604395794301675e-02
