1.268941643762283578e-01
8.341209816434358437e-02
1.454635125195431200e-01
7.323002234794623311e-02
7.750627241242057097e-02
1.112303418588795334e-01
9.111093171415546310e-02
1.111639220881475709e-01
4.291311120377649391e-01
7.606089104024614522e-02
7.679728383742175091e-02
3.535710834030553890e-02
7.560082909986602651e-02
1.605217145259778544e-01
8.987885733400334531e-02
1.111466379703161256e-01
1.250494718253650217e-01
5.004911964371218103e-01
1.781163153108273056e-01
1.002982018927340013e-01
9.092805797374726995e-02
9.575451912704192881e-02
1.256400631954435188e-01
3.357681965025957060e-01
7.143051244893232343e-02
9.092000263201041599e-02
6.748856801128719218e-02
4.912724843773991212e-02
3.842232734839018393e-02
9.298838647892719578e-02
8.341352864327107597e-02
2.284807995285913218e-01
1.111174844212082929e-01
3.382643927902108383e-02
1.266911982560578187e-01
9.848836251237380601e-02
1.123340546473568097e-01
1.112583974379890983e-01
6.077559437027888617e-02
7.901071731661968300e-02
9.092425396207938493e-02
9.393774892592719750e-02
7.875181241554529699e-02
4.585743596094920410e-02
7.708792234183541037e-02
1.009386977737014857e-01
1.000979166298997108e-01
8.028512704448362292e-02
1.928229797395083767e-01
3.987955914657371342e-02
1.429613029660423695e-01
1.258744979697322408e-01
1.666949210849682783e-01
3.822225761684158035e-02
4.274495902635255112e-02
8.333971617529641052e-02
6.020532129292387180e-02
2.271317913671510313e-01
5.557090075506645327e-02
2.623582999558285445e-01
8.335510350586437800e-02
3.268357081167741485e-02
1.012386051129997855e-01
4.566139390443240131e+00
7.782673735362240219e-02
8.269735693483321048e-02
6.014434090936281868e-02
1.990830251780256188e-01
1.112370674005097176e-01
1.130441669212742667e-01
9.258084455840136229e-02
4.223983426813471276e-02
1.530571178100320617e-01
9.876853368000793054e-02
8.345031266963799654e-02
1.254746123033286254e-01
7.705368006594545682e-02
7.178206965897228342e-02
3.684190385930150580e-01
3.822645408518004356e-02
6.274370281799578064e-02
2.012255402554931349e-01
4.231755698332135412e-02
1.428447147345267287e-01
6.339263880518390681e-02
7.701625863727547261e-02
7.145795996490286739e-02
8.155575056877532869e-02
1.719486922725465827e-01
1.259696733921646938e-01
9.163353909606654357e-02
6.532243914852417510e-02
1.242581138532384277e-01
1.000569123237726316e-01
1.286055800209386035e+00
9.112275812564028799e-02
6.500686326668661530e-02
4.160981584585456972e+00
3.307579803696930609e-02
7.221554482914828432e-02
3.718480001568210541e-02
4.379034379707365254e-02
5.886620788679956112e-02
1.121781308623181345e-01
4.020397628534343876e-02
3.397925566548420928e-02
1.437074086514538995e-01
1.372173998954173690e-01
4.884237959549034974e-02
6.707207825975526616e-02
3.907737763046578716e-02
8.340904684360177235e-02
6.288039500630242251e-02
5.866767569272014066e-02
1.002373458980666127e-01
9.173904812490310534e-02
5.914753788477223467e-02
8.405062488472524185e-02
6.679647802247830335e-02
8.339826381823649271e-02
1.667142814311683707e-01
1.111241874806738195e-01
2.636439242131994876e-01
8.465915610585679485e-02
1.070386209130524735e+00
7.427429516338608650e-02
8.336955595893995319e-02
1.666994478181211548e-01
8.518935529528003092e-02
5.887703794837794574e-02
4.006959407241225679e-02
1.909268330304048078e-01
5.948026185852256509e-02
