8.582115755447455863e-02
4.196357212968939621e+01
7.328156004719807437e-02
9.097636919505473763e-02
5.882999117819978641e-02
6.675573102435944373e-02
3.591007944343795055e-02
1.191004532444491365e-01
1.113394258188602215e-01
1.284499696338441133e-01
5.883021623145303497e-02
7.143992012960566351e-02
7.143722023527517007e-02
1.250348179534466475e-01
8.452608415993573265e-02
4.563160179587668064e-01
5.049559421239515483e-02
1.712002090371090024e-01
8.815921924495681572e-02
4.781538948620667889e-02
9.091432508758322262e-02
1.648938718010876381e-01
6.274395704382768058e-02
1.485918850215272591e-01
1.704696937705227067e-01
5.565988313474731775e-02
1.277373559264977843e+01
1.112759636050529022e-01
2.774364288046651339e+01
3.826707969535583787e-01
8.558866888175042931e-02
4.238477474450050297e-02
5.963008768944003807e-02
8.649116287113976786e-02
4.070253437595006130e-01
1.123756125958260133e-01
6.742092385934642107e-02
4.884810549735691537e-02
4.632555750311014020e-02
5.942614309931400912e-02
3.395083550787612175e-02
6.686952938949278225e-02
6.666985893033687549e-02
9.091196141553586907e-02
