6.717488328914177076e-02
1.877548323526407048e-01
1.378082138971041259e-01
6.691219525991727590e-02
7.731462438975757190e-02
5.004941934476088428e-02
5.557649509270636001e-02
1.200808518227617916e-01
7.150384994397145089e-02
8.912014354599297195e-02
1.537417356547527425e-01
3.779165060190731174e-01
3.982619879376642080e-02
6.253617077345111075e-02
4.152970814247866116e+01
5.045335022310326600e-02
1.290048386504662192e-01
4.787354131272720387e-02
5.350422765127109681e-01
1.748467780296920349e-01
3.489030937546709621e-02
1.112670795145689062e-01
3.710643516251382196e-02
3.603545284009145727e-02
7.694198505918833919e-02
1.249725082773927715e-01
6.775793515347693086e-02
9.918647438452093956e-02
4.211298968899256784e-02
7.336690818161470395e-02
1.005796062058769563e-01
8.898592040513796098e-02
3.780714580304373601e-02
7.244174948235319877e-02
9.273453541594468830e-02
8.817009050545142335e-02
2.509528648734195982e-02
4.596743960877423124e-02
7.195632480330076131e-02
3.575746033109220012e-02
5.880690176954088411e-02
1.114537229027495968e+00
9.113587586065192980e-02
