6.022166568746699367e-02
1.700892592211086796e-01
8.344400064599860611e-02
1.003743687545547020e-01
1.436977215250375972e-01
1.429923687042590486e-01
7.342599242555667427e-01
1.440486681819757864e-01
1.000291179884739839e-01
7.270641407812118706e-02
8.035722011842701129e-02
8.342435234118698861e-02
1.036298220543906273e-01
9.464165739961021007e-02
5.928862109615304021e+00
1.566188782764909859e-01
7.698591410080600494e-02
7.723746488033039759e-02
1.002135070319940952e-01
5.692574899881592404e-02
1.250049294915806519e-01
9.473376797074334332e-02
6.750637078489726273e-01
7.705567646565536499e-02
4.364438566040754891e-02
1.017941466370716171e+03
1.183043158718111831e+00
2.002442474434824593e-01
2.989700306371613839e-02
9.130931404202397017e-02
9.148337949987520035e-02
8.428592522852988711e-02
8.154619119595508947e-02
9.375534773620386453e-02
1.735069592005689665e-01
7.167816302079747792e-02
6.317413139235043829e-02
1.509381536494873277e+00
1.654021107078877117e-01
1.702521627837771667e-01
7.427576160280472628e+00
9.103809059357431677e-02
8.389173629378071650e-02
1.338018550233490700e-01
3.336646317956441621e+00
7.385009517678386981e-02
1.260338711193073336e-01
6.050428533096594702e-02
1.111756467846106572e-01
5.273668604061888809e-02
7.696802118953566252e-02
1.001243478875486481e-01
1.666948781786636580e-01
5.502635764219811904e-02
1.032533928902851450e+01
1.457212698377756965e-01
9.100978283433409921e-02
7.699597554909122510e-02
6.687635918444308214e-02
9.106873479252025616e-02
9.169667280462193149e-02
1.383358809311838744e-01
7.145153747845953141e-02
1.071661372323121225e-01
4.804991041728209206e-02
1.016444973562348614e-01
1.563020577666403288e-01
1.444816033018457568e-01
1.986096633856006544e-01
1.001609279665097996e-01
2.013885111841497433e-01
7.527633511693496149e-02
1.000116519966315620e-01
8.355805924558755426e-02
5.184799839856224501e-01
7.665257388279071715e-02
1.440208009459660876e-01
1.000096989761585647e-01
5.885981800224414362e-02
7.486652711391411641e-02
2.125161356796493872e-01
7.692751063311543958e-02
3.388995758342558395e-01
5.574248897336823300e-02
3.031717121326999928e-02
3.249633749213583223e-02
5.954113802906488284e-02
7.163350341223818918e-02
9.155626710573107341e-02
1.667044705304311647e-01
2.722957598609126340e+00
8.645040405431829444e-02
5.292078473117444587e-02
8.336427712615006314e-02
7.788609568014637219e-02
1.845824778318349291e-01
6.257490549646760325e-02
7.692969003972220665e-02
5.602012163942139689e-02
1.094709505181599984e-01
4.154553869541336569e-02
2.547085356114527355e-01
5.013563710710376015e-02
6.633775490835713828e-02
6.250605011525944832e-02
7.758724030387507964e-02
1.312562601201310020e-01
1.004696721160854567e-01
7.695313310952471564e-02
8.711921024461953544e-02
6.410503817636858948e-02
1.275376547670852290e-01
3.681515065661413177e-01
2.465450158877648956e-01
8.339312224453161726e-02
7.698006104890241230e-02
1.033046532594236455e-01
9.837422017323275980e-02
7.823558342273113919e-02
2.966147980692138919e+00
9.361613869617234351e-02
1.157743550915862869e+02
2.800592030315338654e-01
5.458343818480285159e-02
7.702324156350605355e-02
1.252287252011364538e-01
1.250765576677907165e-01
8.341466849951155449e-02
4.051524450467641758e-01
7.144209990146919986e-02
6.671694772649974792e-02
7.254845534716616862e-02
8.641904758563417888e-01
5.085967116926041337e-02
7.693248317051257223e-02
1.177331833068123446e-01
1.306594314117820232e+00
1.251991403966830341e-01
5.427082994479118933e-02
8.030596636552878032e-02
8.333831655517660864e-02
1.297716425916957683e-01
6.267483103084568741e-02
1.000301818038225737e-01
5.415159948921878519e-02
6.288796644322555696e-02
1.428983817289351532e-01
