7.168145539469740479e-02
5.533464881550185233e-01
9.730296402814304912e-02
2.980112243310048536e-01
9.191268192140840398e-02
7.306224481134275528e-02
1.280468617929565178e-01
1.587009511851106003e-01
3.349799228917280103e-02
8.334440489216615733e-02
2.507283398518602158e-01
1.114428929564831444e-01
8.335677536151901712e-02
4.618872069488615950e-01
7.695407821838944062e-02
1.111235523410844389e-01
6.370072230859696871e-01
5.888952184625024372e-02
9.869685765070529415e-02
8.349161791694970081e-02
7.156861705446024291e-02
8.478108290774041822e-02
8.619121083472758293e-02
6.722208533275812747e-02
1.000532310131298230e-01
6.881403991685436372e-02
7.144068006521939185e-02
9.736541836055599697e-02
1.000239085642037340e-01
8.391317191322140989e-02
7.143393460235876458e-02
8.343081873264805715e-02
9.850481995029135573e-01
1.111847869473316375e-01
1.581816044363241192e-01
6.042847257166641256e-02
1.912513130222424085e-01
6.675590514263800290e-02
2.193754571233831607e-01
