6.667893218936034316e-02
7.897618773907025269e-02
3.979456116743674610e+00
1.221644401682249609e-01
9.094504949581655451e-02
9.102783735014398359e-02
7.692426002889472814e-02
3.139025401412153665e-02
1.429251000804274696e-01
7.693268578668654989e-02
9.092634762571344398e-02
1.111114460070284082e-01
3.846846228743001916e-02
8.345339591869328777e-02
5.264068062147689298e-02
1.111132252469486659e-01
7.700615193455365159e-02
9.091199026526539106e-02
5.277477173640130609e-02
5.890169416692209170e-02
5.282091186840383312e-02
8.333382548606355078e-02
1.735950423893859451e-01
1.428618620563125441e-01
1.111208100623659045e-01
9.091040336730421556e-02
8.357375707484171468e-02
3.254440859190432106e-02
8.333530408291354996e-02
8.334360416519613624e-02
1.250167787868737834e-01
9.104731753801141581e-02
5.271568365068157042e-02
1.111366786576425958e-01
3.664039318958495911e-02
9.091161697295749300e-02
6.346432724714978768e-02
7.698620544752596273e-02
1.666667131871202023e-01
5.556212946542620629e-02
8.333690464013952803e-02
1.111113915977416516e-01
1.000137929101801992e-01
9.091203947389309148e-02
7.146237011424536045e-02
6.170997869028326477e+00
2.069552445245557981e-01
7.692473968237742432e-02
1.000001902631412198e-01
5.893065106594141261e-02
1.000001735645394685e-01
1.066978138294156775e+00
1.250024215432407049e-01
8.388316643056278887e-02
8.370140639235024160e-02
4.545979597235894065e-02
8.336471218091552615e-02
1.491307466906834911e-01
8.347493522304513802e-02
5.555894719232343237e-02
9.091018423298703743e-02
4.411246859835477041e-02
5.882931044206266696e-02
5.898711374310813826e-02
6.666685136613866025e-02
1.000263685030078620e-01
1.011733683055598132e-01
7.692806975226615385e-02
4.250426288935585384e-02
7.692334494450082938e-02
1.000000638263199154e-01
5.557046290923572940e-02
9.093018810215558467e-02
1.111150486538571153e-01
4.780086578391825464e-02
7.835171363813729639e-02
8.420787242919758331e-01
3.421159141484373389e-01
1.098298797462290199e+00
1.809308335961334890e-01
7.695180702486238700e-02
