7.299385740278733214e-01
8.338202939177814799e-02
1.163545240447023121e-01
7.146970701465869824e-02
7.832916864087309528e-02
7.144910442242193016e-02
1.119755609556171011e-01
5.469275058926813537e-01
7.395762205843062764e-01
1.111874273920336609e-01
1.250066995878916509e-01
1.428586077373164287e-01
4.548660122607284945e-02
1.138404329253944330e-01
6.666773051982925746e-02
8.514426011365018310e-01
3.167455891847660854e-01
3.577836020258833710e-02
9.095444163840653296e-02
1.250043388405107092e-01
1.432233659227486466e-01
6.207332127542624506e-02
6.778154294186092277e-02
1.017927054086466415e-01
4.555167660971635307e-02
8.421720362952551941e-02
9.093265708633505029e-02
9.097301731645858480e-02
6.723183939464087711e-02
1.354790378950026242e-01
7.143041621688099585e-02
6.962843818042885324e-02
9.041668965752712450e-02
1.114932796440409740e-01
4.238921914429565063e-02
7.875144825208842125e-02
6.667522282163831915e-02
1.005360961809712572e-01
1.721507860309549331e-01
8.508785730589746299e-02
9.092740140311207642e-02
8.198409754350749479e-02
1.827240122623982332e-01
8.752208293728981625e-02
6.438667211708237748e-01
1.001886738559989720e-01
7.714005521971076251e-02
8.434270159250244203e-02
1.176255456231316138e-01
6.667701849761259458e-02
1.121237747595104917e-01
1.000043965286774028e-01
6.366575036683107258e-02
9.128576531706471264e-02
9.093794075650633857e-02
8.337118104587680489e-02
1.667159518025985443e-01
7.533128224313848653e-01
1.124054868625436743e-01
6.667005680671003742e-02
5.279651824217716782e-02
6.744189275059740696e-02
7.158406560419851294e-02
9.094625169459087666e-02
4.179633731834619947e-02
9.097034142572382742e-02
1.374214751565480119e-01
4.550656841235549421e-02
8.531634306887336816e-02
1.702206282958728112e-01
5.314046778956962175e-02
