7.148012730634481504e-02
2.011396718313830934e-01
1.250865059449399186e-01
1.111147805872141348e-01
9.104110623209211994e-02
1.220335503651712589e-01
1.001831343252416878e-01
1.038551877722405786e-01
1.252048210969899655e-01
5.275694777419796810e-02
1.000198811956819894e-01
9.118322158972490266e-02
4.865089651704049278e-02
7.143219190353593262e-02
7.366493042665205049e-02
1.452581680023425359e-01
2.005520309721699479e-01
5.888689588437789196e-02
9.093429918777860832e-02
1.428952224875214838e-01
1.111879268492876327e-01
1.111234202806483939e-01
