2.943441666775271914e-02
3.226157098956049241e-02
2.500183760761002238e-01
2.862377226122554685e-02
3.338406110187464720e-02
1.109302888481805971e-01
3.577885966404080464e-02
8.528747702501528194e-02
5.892405407049500221e-02
1.000018737033513821e-01
1.437810389392518984e-01
6.251153341559691212e-02
3.036145229371124687e-02
5.002614322998055751e-02
5.882502639458195293e-02
1.250117779821798281e-01
1.111118057175669027e-01
4.369108472390501735e-02
9.117213160174507391e-02
6.545358963001375319e-01
8.333711453023710802e-02
6.251823459326054377e-02
1.111309810368383139e-01
1.667417394596664992e-01
7.229696504956503733e-02
5.192813885896484238e-02
9.112750249990554663e-02
1.111843656016432841e-01
7.212801345846117651e-02
1.000484589896390164e-01
1.251428399426584848e-01
1.174623063037460585e-01
1.000296856995371436e-01
1.678206523534746808e-01
6.251642246125406477e-02
5.960974615577101232e-02
1.001444217463727526e-01
1.428704950171842125e-01
1.111262070076386999e-01
7.693552700502238884e-02
6.250062074556332614e-02
1.001718623858809665e-01
3.707423521034744485e-02
5.561123564141880193e-02
4.167196826991826503e-02
6.274157884129348550e-02
1.429028327126012077e-01
8.803265151545261458e-02
4.124922209766667680e-01
1.250313857798223960e-01
1.000236400264670478e-01
4.763161334501778837e-02
3.477574564191334566e-02
1.006520496726092812e-01
3.506282711642876027e-02
9.091037688043179799e-02
7.692512071835848342e-02
1.115152023079349769e-01
1.429244625336533736e-01
1.113753611712551966e-01
7.159738149150737807e-02
6.935641084768387477e-02
1.182806025436191399e+00
1.000935169857929824e-01
2.551898918886452705e-01
9.091103922040319474e-02
8.333404697988135157e-02
1.000733482619654141e-01
3.707506182159071850e-02
1.250171692947793789e-01
8.333815461487188714e-02
8.344012794545908884e-02
1.250245148711986720e-01
2.858571926835359531e-02
6.675328267865869580e-02
5.000622268122314334e-02
6.666996308388711823e-02
7.693121690408906421e-02
4.168275148482004228e-02
1.429575373784863768e-01
1.251329772461514389e-01
2.013483576379068718e-01
4.545543406098546263e-02
5.974074194345105338e-02
1.250213666635155429e-01
9.094991886620885924e-02
1.721396190163958506e-01
2.714816987360113565e-01
1.111378258043457384e-01
1.000220611620603189e-01
1.250359060173859560e-01
1.666906711832414345e-01
3.337447429877347937e-02
7.695285044784330730e-02
7.802615303947867120e-02
1.002935234235296652e-01
1.111134878983851410e-01
1.253590838262611251e-01
5.911493801012362992e-02
6.325068958192656132e-02
1.250004186780672988e-01
7.150964902541465107e-02
1.002531477606518201e-01
1.933353675923039361e-01
7.143316744475532165e-02
1.250193395029424726e-01
4.000924386796473470e-02
1.003111538873642516e-01
1.190954511641138247e-01
1.112054367345212125e-01
2.371722656022001441e-01
1.250207065860816924e-01
8.351272664223284570e-02
8.375712920489097879e-02
9.091736611797172907e-02
1.250136918251057994e-01
3.704248445932058209e-02
8.334215957343442394e-02
7.514761106667360302e+00
6.668666815731354169e-02
1.251708934029048537e-01
2.010044866186848078e-01
7.423573033528134413e-02
1.000031549633703387e-01
8.334517298902899274e-02
5.266744694531981519e-02
1.000171190359043089e-01
7.287741748869158709e-02
1.000070070861889954e-01
1.428626410991687690e-01
1.112026518668242508e-01
2.958878284289948035e-01
8.346439783779674437e-02
7.161458743054435749e-02
1.259664339350348161e-01
9.487338043746239291e-02
1.251247010674363669e-01
1.430723802507696540e-01
6.255326590750676097e-02
4.411236281873262555e-02
5.561944569213303491e-02
5.311120116864329055e-02
1.672436268413659832e-01
3.150628081222223847e-02
1.111992903199122140e-01
1.251396884574222657e-01
7.692432428137634115e-02
8.492439677977595136e-02
1.113914230618950896e-01
9.091438331326978650e-02
8.337961712871273801e-02
1.002386539855934650e-01
8.372705347279545129e-02
9.333800521028814967e-02
1.007578041067891395e-01
5.000547276742930286e-02
8.333768501105437432e-02
8.344645414685049334e-02
7.702844822737477115e-02
4.003807033206450983e-02
6.267040921613147020e-02
5.883187823287456403e-02
7.709459841349305953e-02
8.337111396291568832e-02
1.250056589631979020e-01
8.334423441537476551e-02
8.344220214238667888e-02
1.430868300795182235e-01
1.112987198574708625e-01
6.678890054538591525e-02
1.111157651916871436e-01
1.250537042588631964e-01
1.115471527808675339e-01
6.212293815515943646e-02
8.335275822914005317e-02
1.113952393811743768e-01
8.335251607113736139e-02
1.111316950831384709e-01
1.114476265638188468e-01
1.428875830441132255e-01
1.111116086220018673e-01
1.191414709170908193e-01
4.231084709471385347e-02
5.886782687222096022e-02
3.813545403952330326e-01
7.708029613417545500e-02
5.556922247201596249e-02
9.091498097970159009e-02
7.144712925268072168e-02
3.125815773350384963e-02
5.263833964459022768e-02
3.449732178164511415e-02
1.000053894485389144e-01
5.886558310311629932e-02
6.024697670699746821e-02
1.666720822770174915e-01
1.432918486229302624e-01
3.334216377853729124e-02
9.100023156007037983e-02
2.000312325468528163e-01
1.000029960084863612e-01
1.428631844046616417e-01
1.667706865698355412e-01
9.091184816566869054e-02
9.091817079083303055e-02
1.428638319061265594e-01
1.250096302698745221e-01
5.576668367946750055e-02
9.091778824238927470e-02
1.000310119497034578e-01
3.449409254359048910e-02
1.112703579970720225e-01
1.433765249670277686e-01
1.453843516082817255e-01
9.166103496625206681e-02
7.149400998223190418e-02
6.673555418689437746e-02
7.143149903463721917e-02
9.092631719563977477e-02
1.193665512433598475e-01
4.082536975766047627e-02
7.143012233068897487e-02
1.000169399885118271e-01
5.001303526964774593e-02
4.081877782006605726e-02
1.000427613592593107e-01
1.006800830009100256e-01
1.111558828988188918e-01
6.685504900006446205e-02
8.333480408210248991e-02
4.764467341744619416e-02
9.091729722322941520e-02
7.736664826681524665e-02
4.170953857643702745e-02
7.715019593518976371e-02
1.259952590688678820e-01
6.250461057706234447e-02
1.250071606041768812e-01
9.091422972762576438e-02
6.250025776735880501e-02
1.250134537601540752e-01
7.142886816367753633e-02
6.305356347474976031e-02
1.430755405772063948e-01
1.250005418503742638e-01
1.000586612168398865e-01
1.113694775279180788e-01
9.100040540844690773e-02
3.041969435302943614e-02
1.117927947674227235e-01
2.541915642162580480e-01
1.113768921689138464e-01
1.252923412784315016e-01
7.143252476216896407e-02
4.178109795860752290e-02
1.001197912537222373e-01
8.333762821940654542e-02
1.250388554578820421e-01
1.135209701091408063e-01
1.000286044989528167e-01
7.695308541699975857e-02
1.111121420444894370e-01
5.268749914514572058e-02
5.001697611300036372e-02
1.428855248540472356e-01
6.678626578984737938e-02
3.799355122535818391e-02
1.668050335837917009e-01
9.095850899003034284e-02
1.667257735097178173e-01
4.607303140140272396e-02
1.429437231248817108e-01
1.669161647374240720e-01
9.147709064711917470e-02
1.000456213483478934e-01
2.000402278037129167e-01
2.000488576519599826e-01
1.667101554370754857e-01
4.762378630951924485e-02
1.111752096928417116e-01
5.003798828196274334e-02
7.694164664717152713e-02
4.610035339376695324e-02
4.003702727147936957e-02
7.695263823965979577e-02
7.144783324614771558e-02
6.733644649198092247e-02
1.667747022776432386e-01
3.334768965032781640e-01
8.333433991876755542e-02
1.493124175866762382e-01
9.092806935771165222e-02
1.005318394786901132e-01
2.043501032936462236e-01
2.659846680166391142e-01
1.111283494371157476e-01
5.206723669546027555e-02
6.668840473147621961e-02
1.681440242624045733e-01
5.555688062872364552e-02
5.882609280170966737e-02
5.895948828007659126e-02
1.666955099422584297e-01
4.167832503794594023e-02
1.251587977151239761e-01
1.112481507848812057e-01
8.362191311910789626e-02
4.736444174362088033e-02
8.049642558977555817e-02
1.250883340552820799e-01
3.227116141951142519e-02
1.668606594723650582e-01
5.023970467335198142e-02
1.050385906874472530e-01
2.001318185642585179e-01
1.000059207478967982e-01
5.263869195052282152e-02
4.762317018490042769e-02
4.775544510176804591e-02
6.607550983986087978e-02
1.667042861665710418e-01
2.000205589657784166e-01
1.669321631821173157e-01
1.111260722939753365e-01
1.250073231587448819e-01
3.337853459470559447e-01
1.428578165246803811e-01
1.253104379757888631e-01
4.603949254090076298e-02
3.326413205887298469e-02
1.432254974470703601e-01
3.349236445184733402e-01
5.902163366990008375e-02
1.112114743176487591e-01
1.251927167588114675e-01
6.256484974827812573e-02
3.370987628814446357e-01
8.333813390106868668e-02
1.111488112985935667e-01
1.667440133695940740e-01
9.151472807553187594e-02
3.579231607376217456e-02
6.686296193612226157e-02
2.003182410944125691e-01
9.094345367020385817e-02
9.337629738109674837e-02
1.767663889152140677e-01
1.433378944163125612e-01
1.429205639487913515e-01
1.648400359391280767e-01
1.666807029316563771e-01
1.000163237826483947e-01
9.179615515672367998e-02
1.111182347279911220e-01
5.265452070384647743e-02
9.097577185916959353e-02
1.111662635680055883e-01
9.098627371818820975e-02
7.146104800842016658e-02
7.146204516038082155e-02
1.000313697639891169e-01
5.559837841789969093e-02
6.251011849375914808e-02
3.233458273049411025e-02
1.251799787562737354e-01
3.046253455443507716e-02
1.111249357316696079e-01
1.002974149919980268e-01
6.801016237842159862e-02
7.245038712491837229e-02
1.006517966340864795e-01
1.250400716139828672e-01
1.313584368270077907e-01
1.188890648086950996e-01
1.111269174474551480e-01
1.667673161498001988e-01
1.007455503023468174e-01
1.455802539385838978e-01
6.666973669569815908e-02
1.000099971280041383e-01
1.113521771466116639e-01
7.143093167666356158e-02
7.117970044843496824e-02
1.002643415899376611e-01
7.761967879246783886e-02
9.100516152190235575e-02
1.000146406926034903e-01
8.399296237134983023e-02
3.084211203749731567e-02
1.007559912223924548e-01
1.000043126108893093e-01
1.456189724790627749e-01
7.802549228796798464e-02
9.092421037024492336e-02
1.111271832036329066e-01
5.882408254805861214e-02
1.250184098783805320e-01
8.334436507928207061e-02
5.558267316541935094e-02
1.111394842093171298e-01
1.111163501845031099e-01
5.882763215593936335e-02
8.333407726248358294e-02
1.251531938870974192e-01
8.334081337622578634e-02
8.333988154991676944e-02
1.429588171170721456e-01
9.096348597691662763e-02
4.546161846297475800e-02
6.282224929931796986e-02
1.250319009529896608e-01
1.428733814036712846e-01
2.011680208249607416e-01
8.645267461140840326e-02
7.148695704091680148e-02
