1.001825969853522846e-01
5.159790290651311562e-02
9.869308086541055125e-02
1.113095667808815109e-01
1.001078414933046085e-01
9.091561720505646205e-02
8.726085693695774526e-02
1.519210322533486035e-01
1.668313747399822466e-01
8.333336951356361266e-02
1.250029724424656652e-01
1.428840247048544232e-01
1.001068995584004917e-01
7.723974625123723736e-02
7.804561133390505723e-02
1.000207831540547432e-01
1.111119946891938604e-01
3.880298448462022459e-02
1.668366124369161652e-01
1.428893052534593866e-01
1.430489580894700186e-01
9.091251584707533973e-02
1.251153463912244301e-01
3.092798354465840305e+01
1.252109973220726646e-01
3.126076857867855774e-02
1.428572746867323995e-01
9.091345650546385493e-02
6.251720349047901193e-02
3.428290088811618008e-01
1.810079447644823147e-01
1.428635024706614021e-01
7.143882999414159773e-02
9.096780426832390409e-02
1.250524416178446785e-01
2.950721630804178930e-02
5.893802200782262413e-02
1.250937715958952978e-01
1.428930937588996641e-01
9.091634141541518610e-02
8.334719196868288493e-02
1.254542584128383320e-01
2.500013866896244608e-01
1.111831641339823679e-01
1.000001392089014673e-01
7.250926005740405966e-02
7.143088305207469235e-02
2.641823740479564211e-02
1.250571155668238066e-01
2.120847343385970640e-01
8.494401749432983761e-02
1.250095596063707792e-01
1.666729446479823518e-01
8.574135635298814340e-02
9.101500144513879897e-02
1.111147418350895422e-01
4.168659905161106044e-02
9.091032534860329917e-02
1.011658528352805397e-01
9.105072350274992510e-02
1.001459461708257559e-01
1.250001691844555840e-01
1.111224240329444779e-01
1.428669921041358648e-01
3.859789665832755179e-02
1.432608240143197487e-01
5.885224801285831447e-02
9.108294141697897972e-02
1.666668450773373944e-01
8.243900165867383556e-02
9.091946329009005512e-02
1.666681148701667503e-01
1.667049432354647254e-01
9.095180784356698966e-02
1.001346128591488610e-01
2.028373651588139259e-01
1.252907035727504614e-01
1.000570368603408422e-01
7.693893293821528478e-02
1.428876994654302846e-01
8.343723362354892037e-02
1.003254939169444804e-01
1.112002801899154014e-01
1.428617162560994469e-01
2.510114130563345647e-01
1.111348925026380829e-01
1.111393423587697105e-01
1.428584608119573274e-01
7.195498815101293577e-02
1.558008612108723601e-01
1.071189106823779574e-01
1.666694133297395297e-01
1.254087217545770405e-01
8.334526050129785479e-02
1.001542099604262326e-01
1.250004670424221531e-01
5.882806096064688295e-02
9.091465554859451403e-02
1.250985687295723958e-01
7.692510891206626178e-02
1.000034785332469117e-01
1.005777742562342925e-01
1.111207459541107417e-01
1.666668515891899516e-01
1.111499949678965149e-01
1.000465697161315309e-01
9.091003158974766962e-02
3.474549709368054962e-02
7.162458098402367523e-02
2.030802600329174867e-01
5.574416697884813227e-02
1.111159829050141490e-01
5.406602077746994889e-02
9.272466366992217213e-02
9.095994032019570630e-02
7.712537791840246015e-02
9.101150807867069981e-02
1.429622886483568334e-01
1.033223720438858073e-01
1.000623540710604970e-01
2.245016800647866850e-01
1.250373740107787179e-01
7.695310546092939963e-02
1.000105327338292882e-01
1.111854143540597639e-01
8.407033918013129270e-02
1.250257621059925328e-01
4.243650507803959360e-01
1.250193758596223059e-01
1.250001968279250142e-01
1.250327181278108324e-01
5.884779143260051443e-02
7.830836401434346228e-02
3.348450530630045496e-01
1.250045195604007897e-01
1.236393991097006900e-01
6.667240405349848797e-02
1.000430500933702505e-01
7.697560714533789594e-02
5.373947027695195888e-02
1.433346143120721172e-01
1.666672965837947273e-01
7.231990755903318358e-02
4.697194936605009197e-02
1.111185287316767134e-01
1.666671451949162108e-01
1.000112042440581550e-01
9.091094376620523221e-02
1.667463744826249428e-01
2.503478587551913881e-01
3.705177145613736817e-02
1.429109216243131253e-01
1.667253139285253261e-01
1.813826266574863622e-01
1.056430546566079209e-01
8.365890932300534821e-02
1.251771313816735509e-01
4.430750371826605583e-02
7.707353326372373692e-02
1.111113780537780760e-01
3.336095573800713920e-02
9.002246173276849672e-02
1.001359790587585674e-01
2.000050909042790648e-01
8.338435595061809147e-02
6.250591162995781935e-02
5.263481686789917013e-02
1.000019223740191421e-01
2.503072257827438363e-01
1.666727618969537639e-01
1.666673632156096818e-01
7.305542026710505621e-02
1.750188442572971903e-01
1.490492286858600579e+00
1.260411038500234837e-01
5.075528473039236932e-02
9.115549742429028546e-02
1.435900911261107360e-01
1.431583795709576445e-01
1.250580877894084397e-01
1.000076367262366095e-01
1.666689392861447072e-01
7.703836515626395764e-02
1.003907492277265334e-01
8.374705693080201907e-02
2.000174912689949291e-01
1.429553622529990964e-01
1.111207124343541880e-01
9.093225785478969980e-02
1.429183992804318459e-01
7.426436855743143162e-02
1.428669602701880537e-01
1.111140429115190092e-01
1.428726974814223394e-01
1.001453875524602050e-01
1.000109772642813893e-01
1.000032004219496978e-01
1.006876814123176256e-01
7.143023822787541999e-02
7.693149845763670724e-02
1.000002490447599035e-01
1.252563831177776754e-01
4.548058511089822509e-02
1.667379385716692697e-01
1.389858734865475898e-01
1.111272840998343697e-01
8.353956666500583772e-02
1.281365111060077389e-01
6.672669998618223353e-02
9.092688981999250131e-02
4.356492972907610034e-02
3.657255894713552780e-02
7.694042992164812356e-02
8.334461949496803357e-02
1.445065066945191712e-01
9.091035460306375049e-02
1.717245757098495862e-01
5.263629490182077791e-02
1.004800680515846451e-01
5.881774428585695436e-02
3.333691230871176359e-01
1.250117277603156052e-01
7.147885597871155017e-02
1.000042281936940336e-01
1.162340597601558140e-01
9.156741314010040378e-02
7.692340866182824366e-02
1.111695946801833368e-01
6.899159577108153474e-02
8.335711775560282477e-02
2.513140682100761802e-01
1.432063317423580007e-01
3.450593048839902671e-02
1.119716080813889098e-01
1.429491659850006535e-01
1.428879113122988875e-01
5.639055688829281571e-02
1.111136697868948531e-01
1.428648786573447071e-01
8.336932158799964521e-02
2.000024853537282488e-01
9.119158844765723471e-02
8.359707757204819234e-02
1.111160193644647187e-01
1.146467980731736142e-01
1.253736758775403359e-01
2.502146655480794735e-01
5.266574892349833864e-02
1.000950446038807728e-01
1.466438981655169838e-01
2.021825302386037193e-01
1.265160408529945324e-01
1.111232289320146643e-01
1.111182587215210488e-01
1.666782108528463979e-01
1.001318855345890019e-01
1.111524025491312240e-01
1.250159896242868940e-01
8.333690681976063663e-02
9.094419248894851371e-02
1.666719088485975886e-01
3.128730471130410085e-02
8.334018003553682330e-02
1.111412875738921197e-01
1.111275268246638415e-01
1.000097716580457680e-01
2.000011095721453691e-01
1.111158925246369666e-01
9.093036294699277655e-02
8.337524497232245979e-02
5.885030769653455673e-02
1.000495288885365486e-01
3.846799627818318218e-02
1.251502918035115042e-01
4.012921602051593151e-02
4.764020775693568466e-02
1.250726394328796343e-01
9.686148800128792369e-02
1.433270746941593399e-01
3.338958976840612075e-02
1.429744301725557609e-01
8.337735433267601248e-02
1.111567405792328600e-01
6.255890447204222327e-02
5.564816122295448975e-02
6.726836099075710063e-02
1.428877617008495748e-01
1.428794480932037148e-01
1.000070075969807376e-01
1.250000453193976513e-01
2.010828940996667313e-01
7.731682198301834119e-02
5.883081188317029059e-02
6.251150782971086339e-02
3.126061778882884695e-02
1.433086578342786521e-01
9.090918572847618562e-02
1.250535279299089253e-01
1.112519617430945545e-01
8.335515488890136993e-02
7.693641622875649344e-02
1.000034268283386263e-01
1.000979268954503426e-01
1.666844684623941253e-01
1.057356683589471269e-01
4.550380357639424722e-02
6.254108479768726025e-02
5.000893144119135381e-02
1.124706698780637837e-01
1.250035927156730453e-01
1.000446511320943754e-01
1.000172970705338615e-01
1.250043834184309532e-01
1.009531959069434742e-01
7.540325434821922024e-02
7.699260898340994086e-02
8.414729681608056067e-02
1.112243101660035649e-01
1.000080234834283821e-01
7.895557171455513945e-02
1.111501848462400771e-01
9.105491641654818447e-02
1.000193132187809919e-01
1.111124591947235535e-01
1.111153146743439624e-01
1.010398177927143842e-01
2.524208039051378250e-01
1.111177836671256164e-01
1.250044983891804851e-01
1.000290334650761059e-01
8.333367964673525641e-02
1.000068849531941667e-01
2.500262655110475629e-01
1.666667689918432671e-01
1.005949162865475283e-01
9.091277400768497940e-02
9.098472493042049358e-02
1.111800442970322517e-01
1.250009962439226352e-01
6.675658796292811836e-02
1.115961142983506876e-01
1.313613020352761285e-01
1.747086081527084167e-01
1.440546626956331067e-01
9.090942581468265671e-02
3.149532744837638121e-02
3.133621871987254948e-02
1.363164642945878580e+00
1.000162000805069618e-01
3.608453299742376275e-01
9.225856258039177860e-02
9.189295296224937737e-02
1.111131468197820715e-01
1.005538055283908827e-01
4.652414511425202043e-02
1.111592951294083087e-01
1.252728015727100908e-01
1.001649278468249304e-01
1.357405614296680330e-01
1.555727561214408361e-01
7.145779403025091792e-02
5.007113198593643455e-02
8.333804499465181925e-02
1.250104777286624447e-01
9.091136283478745694e-02
5.883956687179783818e-02
7.023890944742791631e-02
1.000065538172859314e-01
2.013423736030896527e-01
9.507677294284512248e-01
1.428722679010048513e-01
2.334612338065951073e-02
1.428592184971449464e-01
2.136256852050660154e-02
5.266347128144877737e-02
1.120507147033144163e-01
1.428652022990614667e-01
5.281375419157711970e-02
1.004337402811325275e-01
1.292174342284721222e-01
1.001784617024421287e-01
1.111114117292884562e-01
1.429720306453332590e-01
1.480719431192164814e-01
1.667687479550526708e-01
5.265967199783921221e-02
9.102605157378600154e-02
