2.325011498558784140e-01
6.250886250473879080e-02
1.122311087480222652e-01
1.002243135957971987e-01
1.251112375237375118e-01
4.340872729270589536e-02
1.428782103195410103e-01
7.168015092656267184e-02
1.835499445137193097e-01
1.112397101679676870e-01
1.250691158621059507e-01
1.250699701719729939e-01
1.113434615116625087e-01
1.146555117607370999e-01
2.017356078154947940e-01
9.163651428621956418e-02
7.708125047598657353e-02
8.336006437403579994e-02
8.334774077802452330e-02
2.058306098505017778e-01
1.251603074932136628e-01
6.253873941345149123e-02
1.001897217086133163e-01
8.334071470385014113e-02
9.122728888185113738e-02
4.545882425871793781e-02
8.343083053361395607e-02
9.098126709359215247e-02
9.165458033248417846e-02
2.000768939071010943e-01
1.251290196517026720e-01
1.253098648831227069e-01
2.011355220609857553e-01
4.546989457795995448e-02
4.851313357455507708e-02
9.987943003052449087e-02
8.354020341576594288e-02
2.000503254855496293e-01
7.723265530201962881e-02
9.785143912591215409e-02
9.096694667271609802e-02
1.002367104863476077e-01
1.666720191574862786e-01
7.143404000879384486e-02
4.392287472127099496e-02
1.667417529868295001e-01
1.000116562699475409e-01
1.683146273831425954e-01
1.689814856502797891e-01
1.514756930700177917e-01
8.559197400159472557e-02
2.942077185741606704e-02
1.428820328158063868e-01
1.113216825768212348e-01
3.455533764370889716e-02
1.112289581844640024e-01
1.111342570385260159e-01
1.252074078076446939e-01
7.696210735114752954e-02
7.704944988075176915e-02
1.251085680917830567e-01
9.170073983092406900e-02
1.261262075971955610e-01
1.432641993921627832e-01
1.277632501982951252e-01
1.258799159268060852e-01
2.169101706846761901e-01
6.251887252853594035e-02
8.475135173686777768e-02
4.584026024076932188e-02
1.278698879424488288e-01
1.002507756010237727e-01
1.809213851345460311e-01
9.105129248809920584e-02
6.674369933713666936e-02
2.593136978573288287e-01
6.844247666883668257e-02
6.273440807687621912e-02
4.548037882325894204e-02
1.112368172669687127e-01
1.325445162880037886e-01
1.327779249526636063e-01
1.258041205641640126e-01
1.673660859455613770e-01
1.005283514525646682e-01
4.548934750371864955e-02
1.250534248075632071e-01
6.255398265196977781e-02
9.120490619972376756e-02
9.193485814787193122e-02
9.091106764775745697e-02
5.264923052557322902e-02
8.337145081482390252e-02
1.667089028568732312e-01
5.000809506286010148e-02
5.915117439575050262e-02
7.696792715715393418e-02
5.567728756560964831e-02
1.000059722096944270e-01
1.009752787819888364e-01
1.000625408339168854e-01
1.428660610108955786e-01
1.112040535068193475e-01
2.881453867544942968e-02
1.013095858725909792e-01
1.143772264306357755e-01
6.679627430458522086e-02
9.091402174304175077e-02
4.552728196768614233e-02
3.767741213437861975e-02
7.172872944128118322e-02
1.111661065555144406e-01
1.115603462104839405e-01
6.618408400280884063e-02
1.001304965990416351e-01
2.000261713016131537e-01
1.291169332037726269e-01
4.361881923476274708e-02
1.540157434825456251e-01
2.000012707174658178e-01
1.299430727788602191e-01
1.666784675740753674e-01
2.504757769343497475e-01
2.506818413656937694e-01
2.500117058555143545e-01
1.250370877842265915e-01
6.755723632130046508e-02
9.095468912879124679e-02
6.669123182017079599e-02
4.000374632210060982e-02
9.095199084743095519e-02
2.010159539903935977e-01
8.337522919882263406e-02
1.120361190828012277e-01
1.676556464612640740e-01
1.672549287842801657e-01
8.337173117154035584e-02
1.667462570035911085e-01
2.876589630998501942e-02
5.623524011705115233e-02
9.330412910880454824e-02
6.675299397555801983e-02
9.093263389406743002e-02
1.024283909515598667e-01
1.119682692301181420e-01
1.001310095011742340e-01
6.667039960429320400e-02
1.251497108931636515e-01
7.729273154751499508e-02
1.428695268678655261e-01
9.091485876866488292e-02
1.428609246187773907e-01
6.687079527384949540e-02
1.432838823144373108e-01
6.250066610556967439e-02
7.143098245382915878e-02
2.595337915981391630e-01
1.111244153107043969e-01
1.260849593884656172e-01
1.428603694264183599e-01
2.568857393466423833e-01
1.004126589749048809e-01
8.335740244793536646e-02
1.669371572902769996e-01
8.070472489046229270e-02
1.117383674826618045e-01
3.936905275265118465e-01
8.416989131412434821e-02
1.000077724150200964e-01
8.335345844327052278e-02
1.435976094579035911e-01
6.863389077776595182e-02
7.169639868173859065e-02
1.111168666374619529e-01
6.667724535546383502e-02
1.024717618211625353e-01
2.954780783476644926e-02
1.111423467104105806e-01
1.428685072553670388e-01
3.348756860287935289e-01
1.111274886114513027e-01
9.102231760946716266e-02
9.102758990262570238e-02
5.035796650014766340e-02
1.000816773457401110e-01
9.092645873220153718e-02
3.336888607731507833e-02
1.586323514753909258e-01
1.438547226640376209e-01
3.707071540653702341e-02
1.253827196523361609e-01
7.834115792548924928e-02
8.345453510826711385e-02
1.671669266108467833e-01
5.919149382225536576e-02
6.675055378391371586e-02
7.701086414060730190e-02
1.666841334023636545e-01
1.435498001007108060e-01
1.250391953420857682e-01
6.666973993409862353e-02
5.373107864276889523e-02
8.440060133909209339e-02
8.342924652546578057e-02
2.696927490460755972e-01
1.250054722799910090e-01
5.885594587087873003e-02
1.278838443556800375e-01
1.667828849631955712e-01
3.916138557499440620e-02
1.000026231738950361e-01
6.253477374620589058e-02
1.448674468713667396e-01
3.811901901454942815e-02
1.260226298824489444e-01
7.148004960016625386e-02
5.065529713768348458e-02
1.000242861429050389e-01
6.684805096436112481e-02
5.819311902331657516e-01
1.393252353101091801e-01
2.500455832439060777e-01
1.130174027550661514e-01
6.670606148204920316e-02
1.134787180046131355e-01
2.000507478593972766e-01
1.258713191194548164e-01
5.269312770643722055e-02
2.511021312858451315e-01
2.001647910513232043e-01
7.714248116603047989e-02
5.431386150649820943e-02
6.029389577525724742e-02
1.428588033043384498e-01
1.000753427753902081e-01
3.029371798987053402e-02
1.428960809779407370e-01
6.252045036609690798e-02
1.428596049792819900e-01
9.099179564605330839e-02
2.504938911395203638e-01
8.333759818424342491e-02
1.194960359374379194e-01
1.429399714643060371e-01
1.667180447613352545e-01
1.257054548766848578e-01
7.143324250031871103e-02
1.546204334108755851e-01
4.836826974386326805e-02
1.111112408100733695e-01
1.000844325690218029e-01
3.584612318519667801e-02
6.261947995447748883e-02
1.111312007355775844e-01
6.665872508419090625e-02
1.118059507829887445e-01
7.707691578821868061e-02
2.501191130736411528e-01
1.250095296979265025e-01
7.143111289127877794e-02
1.545857328613019499e-01
9.546768122702155301e-02
1.429347350190007249e-01
1.000087814411806109e-01
1.674194729134258486e-01
5.316699582142188352e-02
1.163544334356687859e-01
6.676596656258475260e-02
7.692542299609013423e-02
9.103190886654313752e-02
1.432466319473891248e-01
1.000156773621246054e-01
6.001543926849592370e-02
3.151435152369071457e-01
3.339042289046365575e-01
1.250015484371643226e-01
7.701837762050248171e-02
6.253866629505390462e-02
8.343820662423363788e-02
2.500386659377573650e-01
3.333499010514104910e-01
1.114663349435088685e-01
1.112233760216826267e-01
4.783484440510254315e-02
1.117741004039314312e-01
1.432802131835144432e-01
1.429018695537018768e-01
1.250178275482360934e-01
9.091731429372763851e-02
1.668707261281292265e-01
1.111509766856767362e-01
1.278615046233263497e-01
1.250329187472760673e-01
2.494847387549872231e-01
1.012582277122809904e-01
1.111155383564120386e-01
6.250423284688558234e-02
1.121359497577689990e-01
3.388550514655745416e-01
2.508647515746179057e-01
3.111569612622647196e-02
2.001272571431587932e-01
1.666833254791215413e-01
4.352524634463808550e-02
2.500216116632470453e-01
7.704806292007802815e-02
3.336305159108229890e-01
3.030451898912607245e-01
1.251752983026139243e-01
8.343090191946649081e-02
9.091271642626601313e-02
1.428771858256186189e-01
5.882567721174854214e-02
5.002122842747742937e-02
9.091176353208822725e-02
1.252676453072938401e-01
1.052519493283914920e-01
7.694853613121617475e-02
1.000172470252294471e-01
1.666784837793888474e-01
1.001071664256521776e-01
6.759864601027505693e-02
9.096140030744366556e-02
1.111310897564306011e-01
6.258345731273762258e-02
5.370743948503518828e-02
1.672589335977746616e-01
2.435794637921789574e-01
1.497802994808697385e-01
1.115706525687535505e-01
1.113308436815462071e-01
1.297395682810607576e-01
1.128546900669167852e-01
7.161621635917450601e-02
3.132378744189637243e-02
1.447606242894304285e-01
1.439645713144984962e-01
9.091585669635167399e-02
1.250717403419098761e-01
9.091682781537535618e-02
4.803296919741727178e-02
1.006123987846276185e-01
9.095672722258404952e-02
2.059720304050943473e-01
4.004463794837929275e-02
7.737296419573697071e-02
1.430600906652627347e-01
2.502271552292352763e-01
8.353712519530619163e-02
1.021204596079248184e-01
3.260168585985994544e-02
1.667790773386206293e-01
1.854246933458315871e-01
9.107886394778028083e-02
6.251881970966306767e-02
7.143526932651282635e-02
4.763849931219499290e-02
1.428705104737601483e-01
7.712048170645301182e-02
5.883579794011971342e-02
6.264987095624532931e-02
9.118360027943461787e-02
7.697672768121997799e-02
9.097752842915306226e-02
7.979019622709926374e-02
5.885699487810056030e-02
6.673144298440197852e-02
1.000585642625000798e-01
6.760516534302608849e-02
1.250053851160672636e-01
4.193594069612174152e-02
2.000145586344567461e-01
2.605530220095668148e-01
7.095327469560873401e-02
1.111445764230407363e-01
5.888293099972338740e-02
7.145759451500240111e-02
8.343410034007363307e-02
7.186438501601850881e-02
7.164299686930038213e-02
1.668336853142813325e-01
1.429032225856761984e-01
5.557664211285630318e-02
7.692654179367716671e-02
5.560304215824288937e-02
1.111656963727062214e-01
1.002537600251713484e-01
2.063483784279779021e-01
1.428765316576479649e-01
8.334674463682528733e-02
5.556026749864270003e-02
7.071402272466924266e-02
5.883680913610513097e-02
5.004957407884643578e-02
1.000043105467084692e-01
1.111825361097570908e-01
9.714310559253949706e-02
7.155401456437548990e-02
1.429184075300520551e-01
1.185581297545249269e-01
7.697853703339092857e-02
7.719461197557755949e-02
4.019073024584591813e-01
1.156426946899438146e-01
1.696810375556193629e-01
1.135184842243244785e-01
7.199514255712291533e-02
5.171484923963219626e-02
9.233044830239377221e-02
1.668376441034239710e-01
2.198540919483099945e-02
9.119999491633841437e-02
1.000879037594921001e-01
8.433997644521648573e-02
3.941664709896548768e-02
8.338312713240642049e-02
4.613962878905038950e-02
1.577073318555372861e-01
9.110234416667570279e-02
5.894508579165000373e-02
8.568606520267989246e-02
8.072707439446734357e-02
1.666865254284124187e-01
7.147656994888647308e-02
8.333588306435790738e-02
9.390231338679198847e-02
1.250484048568943352e-01
1.428996633465915989e-01
8.344330237126550143e-02
1.111741008311376427e-01
1.250213608390344233e-01
7.286941656079852503e-02
8.334003280471824482e-02
2.417727177445968267e-01
1.111460246570065286e-01
8.341928490240491101e-02
7.699995890573672896e-02
1.250048874739811411e-01
8.361938236290268611e-02
1.111311526176324976e-01
6.250721383050518443e-02
1.431125733112497134e-01
4.040558797415118697e+00
1.001122538915834026e-01
6.004578048942198903e-02
1.253748310783425191e-01
1.250017060489137799e-01
2.225862963543276951e-01
7.788163223749274000e-02
8.864574245611460401e-02
5.889771819404573949e-02
1.667508735492403693e-01
9.096311530936597445e-02
8.152834719654462881e-02
3.249814861995216353e-02
3.460364065717855958e-02
2.372784680877453312e-01
7.293027839457644212e-02
5.557485972907316718e-02
4.353971431644932527e-02
1.111208407360960576e-01
8.787060501442719995e-02
1.003700804673995084e-01
7.719203917618258637e-02
9.128370234445802589e-02
1.115356338715661200e-01
9.091005792386357143e-02
1.430764407499441337e-01
2.000088654742004923e-01
8.357264143065869233e-02
1.253723340787055163e-01
9.091055467890715724e-02
6.668575300205287215e-02
8.333802122664667189e-02
7.723998395142241125e-02
7.693308937301135408e-02
4.803901148519929692e-02
1.308306327387057932e-01
1.001001911542763467e-01
1.250082114664839983e-01
1.250979107284238279e-01
9.111231874812686371e-02
7.488528158483617747e-02
5.267377830698054264e-02
1.667313039263320640e-01
6.761145272832538855e-02
1.000311487240948261e-01
9.093290379858430528e-02
5.889484277042636440e-02
1.111207614511276198e-01
2.494655243645375886e-01
7.553118943318551382e-02
3.129328736012315093e-01
7.359207870971427867e-02
9.180955254628223039e-02
1.111227003736715430e-01
3.365849946729335684e-01
1.112186269148949525e-01
1.666947136194166512e-01
1.000393320819753795e-01
8.380824232672857976e-02
1.111127772034195271e-01
4.546107467840418415e-02
5.556152476684475539e-02
7.163822813691500535e-02
1.272404526562738725e-01
2.514972908494519932e-01
1.000177106210650146e-01
4.011516074957510725e-02
1.250036238082956330e-01
2.540880064185366272e-01
1.251138719451808379e-01
2.250315615437472883e-01
4.790492428829439681e-02
7.704608991619286973e-02
2.011084115612269407e-01
9.091501105805499527e-02
1.165877406316060544e-01
8.335919303130789881e-02
3.333892301932476765e-01
4.016620811398730756e-02
2.000374297456725403e-01
1.444790464698380850e-01
6.257655405222012357e-02
