5.829223341353719778e-01
1.284723946378522608e-01
7.709744340213865732e-02
1.428583447926015104e-01
1.112566702349346293e-01
1.000555077639214974e-01
1.428649273675824394e-01
9.091786822920519540e-02
3.227207525516350567e-02
1.250187850553756697e-01
7.695685698841324418e-02
1.538667782911649906e-01
7.144470223585949742e-02
8.333444063341079178e-02
7.692471800520277181e-02
1.262554082015425183e-01
1.428571740830773817e-01
2.002213785750456554e-01
1.000732488904360895e-01
3.241990257877334913e-02
1.196678768502516116e-01
2.188888679300220463e-01
1.793137771894278698e-01
3.331306701050973373e-01
6.671726062817501246e-02
9.585969011412279195e-02
1.272487908656306510e-01
1.250091260040528118e-01
8.338706426727793275e-02
6.250716859499870492e-02
7.692355080311609472e-02
9.090973656328475705e-02
1.152408536431437369e-01
1.428788387348308986e-01
1.111538198351825629e-01
1.667194670311370752e-01
1.429212490981135453e-01
1.667385943694990325e-01
4.550881127833526080e-02
5.885789386157241204e-02
1.250190232020965131e-01
1.000027566215945241e-01
1.111113271388809581e-01
1.364676593538000915e-01
7.186024948653831068e-02
5.699300875327564797e-02
7.146738492417774313e-02
8.393320536890896966e-02
7.161426764497959285e-02
1.683625493299827081e-01
1.111121462334683924e-01
1.000154952151468546e-01
1.515200800679440685e-01
1.429372515488705753e-01
1.111209830101423379e-01
3.186618390856524319e-02
5.263825234579000423e-02
1.000031867128085283e-01
1.428669474402684547e-01
8.345833910536894218e-02
1.475977980352709829e-01
1.250040543618368971e-01
1.429199098640468180e-01
6.251027195681926885e-02
1.112674288739491507e-01
4.382404455690159378e-02
9.735301961000052129e-02
2.000294592283188844e-01
6.667385971056734306e-02
5.025786247051228228e-02
2.001340158714954021e-01
7.694620071411277518e-02
5.004859506621015669e-02
9.104086948915943167e-02
1.116235138950923134e-01
1.250399149092288886e-01
8.333536130362077798e-02
1.000216834981694641e-01
5.807614959710111907e-02
1.414229847008196816e-01
1.844662480982911523e-01
9.097040814137700993e-02
5.116775423472349343e-02
8.361125865798646473e-02
7.708933464683917491e-02
8.333850569698264543e-02
8.341848653293093552e-02
7.747718306476668315e-02
9.100086033315041290e-02
9.173432013292631693e-02
7.143901662136799280e-02
6.758956498136239333e-01
6.670730491699812525e-02
8.448832370094662425e-02
5.271868850865286948e-02
4.979142111068550203e-01
5.955160245253736384e-02
7.703502506665722838e-02
1.485736089824127582e-01
1.589470947870627315e-01
5.573005829367533998e-02
1.111702762002020617e-01
4.348774631544769648e-02
2.000264418106692810e-01
7.255116398453327620e-02
1.250024398174401363e-01
3.846945384457426537e-02
5.008321620490818749e-02
2.487472194632670691e-02
1.668480453207628056e-01
1.250408645537129382e-01
4.167427866995781355e-02
4.167158072436737831e-02
8.333533345995230990e-02
1.725676441537231653e-01
8.336986644121385792e-02
7.845224516750683164e-02
7.692545129032274387e-02
1.250079575409517307e-01
5.000832333703971594e-02
1.000001696653528144e-01
1.377061410413772391e-01
1.252451294463673981e-01
1.809457928945226168e-01
1.250022078839878870e-01
1.111269711821089440e-01
1.668342890537204692e-01
1.668953226477430107e-01
1.111151228430755922e-01
1.111324234361383556e-01
9.091920214002882639e-02
9.093944254293986895e-02
4.676963927676348887e-02
5.882621730527035769e-02
5.562748983201028230e-02
7.692844475228458045e-02
1.428764315279776320e-01
1.250405900375365364e-01
1.000002535421937316e-01
8.341346534998594908e-02
1.000150816157299588e-01
8.616665557887626115e-01
9.101466665674054490e-02
5.060430038598998786e-02
6.807369347185547592e-02
2.969993478058918779e-01
1.669445427793977699e-01
1.257431900820900617e-01
3.341676011480251840e-01
4.349243065737685293e-02
1.250131111059581690e-01
7.695224303239217578e-02
1.250018577192944513e-01
4.771715928335945600e-02
1.004804459566944336e-01
1.667899716393413945e-01
9.162767029916912831e-02
1.428610992383810563e-01
7.749302754824764772e-02
3.875224239622122174e-02
9.097853027178180729e-02
7.700346978372353546e-02
5.898897308915482252e-02
1.250198756584234017e-01
1.001995811640993966e-01
1.250356876910929949e-01
8.402033320921926951e-02
7.692898446818730029e-02
9.091142451413661285e-02
9.232062341277108564e-02
7.143549020965242469e-02
1.113744501517950347e-01
1.000163897321376671e-01
4.001442368091091134e-02
7.692390464197000621e-02
8.333396759968009215e-02
1.000360662416174690e-01
9.133750529673276275e-02
3.776876135527693079e-02
2.059584997734469902e-01
7.146051407688010226e-02
1.250010364990191136e-01
5.049280011828642667e-02
6.250057664815908409e-02
9.095451610386907915e-02
1.024961113322299111e-01
2.500095479885990346e-01
4.546976646372939690e-02
1.275939583355103213e-01
8.353072806188056865e-02
1.001367078946564793e-01
9.226892995942191644e-02
6.680570838205995843e-02
7.382016169533871242e-02
8.371680621321019033e-02
1.111145919373410090e-01
1.000127910731282571e-01
1.002794581311436950e-01
9.097736557542555891e-02
5.292939995435830269e-02
1.668060749784109065e-01
1.429234270551824060e-01
5.559419145182011024e-02
1.000337142470466567e-01
1.667026485762948262e-01
1.254528129651739932e-01
1.000187458115825156e-01
1.084790791412566929e-01
1.252534901144346513e-01
6.669478076881103779e-02
5.883008779097539248e-02
1.452516776826586475e-01
8.352430476755150213e-02
1.111136356895143229e-01
1.668045012702174257e-01
7.693008457106489950e-02
1.668026226499974285e-01
8.337852033923313921e-02
4.868939612848863924e-02
1.443775908066346481e-01
1.429202480610295978e-01
6.250483691595529190e-02
4.619025365355156065e-02
8.335874428921137558e-02
1.284824575080618092e-01
9.091645397161964015e-02
1.000004676151578648e-01
3.131053556296705537e-02
6.880236838818434841e-02
1.462815055817672238e-01
8.333745835044764627e-02
1.116446337209961170e-01
8.334860459288667700e-02
1.009626793393185451e-01
1.117850242314913506e-01
7.695220867923319163e-02
1.111742197263082405e-01
1.111858079112292841e-01
3.372105841477496813e-01
1.111132054335946251e-01
9.093846162358815155e-02
9.091120548264443324e-02
1.428840455327176073e-01
9.091695825575694945e-02
4.352053546211465118e-02
1.000174602565861576e-01
1.111116923272990054e-01
1.429214353563217632e-01
9.091818449269534197e-02
5.797965488490768732e-02
3.846220970660568089e-02
3.846467885312191554e-02
7.707324425737202556e-02
1.145572495880899710e+00
1.000000163070556836e-01
1.428924486599754962e-01
6.706448936412282014e-02
6.669558241031427193e-02
4.764027506237615561e-02
1.185498304976357886e-01
9.091048891639608165e-02
4.765622649489308776e-02
1.428758204919977071e-01
8.337339868188402281e-02
2.269186856951173059e-01
7.724142451247668906e-02
5.882397041641437840e-02
1.250067775592796360e-01
1.004022825402592078e-01
1.019008674202775411e-01
5.893686524619216049e-01
7.692652923813342314e-02
1.259883744318371634e-01
5.265416433998438422e-02
4.360184043404801563e-02
7.143659868644469668e-02
7.693378800963279751e-02
1.667439259264952012e-01
1.111643609831974439e-01
1.006371257495591170e-01
1.115003886206561295e-01
1.666892766942803250e-01
7.184469525749330454e-02
2.157475937371834629e+00
1.111171836541026692e-01
1.000025242791386243e-01
1.428686354451553508e-01
1.112013213197780293e-01
3.862155075063700149e-02
1.250130555406804844e-01
4.766004677028660985e-02
6.667716104809323641e-02
1.675154268508050881e-01
1.648177633669153375e-01
5.643194226082658138e-02
1.428647711343490889e-01
1.428795658599074370e-01
4.363842341643975331e-02
9.095664569470565675e-02
1.000298383689733617e-01
1.112590806171822599e-01
4.003552289187959495e-02
5.558128252628532356e-02
3.357832204606782667e-01
1.000046226752643042e-01
1.000034924694880312e-01
1.000083856980492625e-01
7.692855459872853519e-02
7.160262321970112254e-02
7.161073021640658454e-02
1.367453550978371124e-01
1.672074215830826882e-01
2.192912365353320014e-01
1.000626105624696366e-01
9.112851192331944405e-02
1.252550840125174758e-01
1.252044342014922151e-01
8.342110680715054960e-02
8.345482494880618329e-02
8.781027637786002760e-02
1.428584895682801503e-01
5.884355277529956796e-02
7.143755336640096598e-02
5.003009324276157244e-02
7.156122977206928748e-02
1.428655183784693083e-01
7.143592427341559359e-02
8.372636577432722438e-02
1.111117275273099808e-01
5.002364022411417283e-02
1.002351621161931688e-01
2.000709765945549168e-01
5.001886274032237706e-02
1.253552513987867545e-01
5.000821799907512188e-02
6.853840336232404351e-02
1.006726586449309818e-01
8.333747945863749507e-02
5.000025349382426765e-02
7.692753982569638938e-02
1.250155037398483493e-01
8.338500839836647527e-02
6.254833547906112068e-02
4.797841010883392016e-02
5.878370624714050058e-02
1.001626693166674242e-01
1.433829669007209429e-01
1.253281920263345783e-01
5.464870894765219006e-02
1.009035331206665775e-01
1.003866217329207194e-01
1.111342865957479359e-01
4.690365304258484191e-02
1.666722405232890225e-01
5.285409798492778782e-02
1.250000321166304662e-01
4.905685965784649660e-01
6.845928522565543350e-02
1.135040578313358667e-01
1.642860072257665394e+00
1.666689897264617415e-01
1.669559124406397588e-01
7.692869004633115515e-02
1.428601761177278884e-01
8.335225655284923818e-02
3.112520353486724622e-01
7.248859449776730302e-02
1.000027231717631332e-01
4.169622277376659053e-02
7.846314099378552676e-02
1.120722864129823221e-01
1.253909321939534749e-01
5.005882519107827944e-02
7.254984563915560514e-02
1.250225587780211256e-01
1.429250036531732881e-01
4.209965656778047460e-02
6.720542423782822905e-02
1.428590371442679252e-01
1.429761532917835642e-01
8.481551531621149553e-02
1.111667821246285215e-01
1.112222028695691450e-01
8.333977209491529037e-02
1.666676474542697906e-01
1.666787435081573676e-01
8.334282805842652131e-02
6.752966131608098554e-02
4.302000262596378799e-01
3.986562917698624808e+00
1.000004743636021542e-01
3.448786101614815386e-02
3.578115941177417714e-02
1.667014813857461142e-01
5.555625489398515610e-02
1.666958524644871487e-01
1.297479619441420373e-01
1.116577403688546605e-01
1.739397340799653247e-01
3.769192386113479065e-02
7.176848174507773070e-02
9.993809755179026977e-02
1.111358783683101259e-01
1.111458330574355974e-01
3.153831802707535853e-02
1.111659925708806534e-01
9.110953883860389846e-02
5.023582073227210454e-02
6.670872154448319324e-02
1.429373270564296416e-01
1.000361403032341279e-01
3.457422712707495377e-02
1.054283164180448151e-01
8.341551610280285856e-02
1.666820758479576059e-01
9.091303639814692084e-02
6.668013329800359656e-02
9.092831177606262860e-02
7.692392690078080075e-02
5.556190651999956542e-02
7.142931005308451875e-02
8.334462344599115335e-02
8.335863946614603670e-02
1.428644637027304820e-01
5.978396905363982106e-02
5.000375715494213141e-02
7.149159154156245477e-02
1.004782183295936104e-01
6.729093844251991807e-02
1.255741607389981862e-01
1.449811122090003956e-01
1.250099754959027032e-01
1.251385185391560018e-01
7.211769797701808593e-02
9.012530597145954059e-02
7.692777951831056282e-02
1.428678795869046669e-01
8.439158677840241651e-02
2.627959964777619728e-01
1.113347711750612146e-01
1.111524988743401027e-01
1.112243228245243382e-01
8.333669570780906366e-02
5.001835876323867947e-02
5.264347190460857973e-02
7.699679835731278177e-02
7.148204187993091596e-02
9.090988075693323678e-02
6.260493460123554843e-02
6.677530376375910570e-02
7.721563345149579094e-02
1.900094878188338943e-01
7.290364492235040794e-02
1.253062806471242074e-01
1.113421202518727060e-01
1.000976808924651795e-01
7.722226514922295171e-02
5.274568411357340170e-02
1.112409158666165243e-01
3.227824898109254298e-02
1.112164185042945896e-01
5.267337746937993115e-02
6.701554764522907326e-02
9.292355438328118999e-02
8.034963924260188350e-02
1.013622211355772879e-01
3.408517272261624709e-01
1.111134375119808282e-01
4.548929835979856340e-02
2.000043142701018462e-01
4.403374782155111689e-02
9.120898076890156247e-02
1.772362282800026556e-01
5.558105699637922587e-02
5.884944584738948520e-02
7.716205229566018564e-02
6.344060540634051393e-02
1.000763037987301152e-01
1.250105399848868426e-01
1.111513284780572958e-01
3.226405718364112885e-02
2.000372143749960807e-01
7.709020987799092284e-02
4.295850142905551644e-02
1.666673488756732491e-01
1.252594115042241218e-01
1.666835730149605344e-01
1.251139876440825194e-01
6.250685518837430232e-02
3.709868828029844884e-02
7.735586820841346134e-02
9.170933303439170181e-02
9.093651668616323236e-02
1.004052559712909493e-01
4.547987263889941012e-02
6.668244357775414410e-02
6.865891143446177514e-02
1.430189095767453178e-01
1.250199680378671907e-01
1.277333958317101725e-01
7.231699950153691603e-02
5.560668863619246116e-02
1.003025199002655771e-01
1.669035100466505772e-01
1.000741832722226443e-01
5.580049544839995462e-02
1.000174950001907204e-01
1.137270063665500180e-01
9.097382179537751024e-02
9.090914881497567934e-02
8.344490365909291996e-02
1.747987126262194879e-01
1.000457931190370242e-01
8.377489069993586390e-02
8.333987147793152361e-02
5.556134407222495381e-02
4.170807443187662250e-02
2.515649947125924712e-01
7.209276046586023112e-02
9.542616660450372601e-01
6.671399626361203261e-02
4.000023363979523378e-02
7.145577517122814193e-02
1.250013015359289492e-01
1.000293836732050468e-01
9.090979954157661636e-02
1.250020092580933773e-01
1.439776278404232834e-01
2.501941947266221253e-02
7.797147914056988538e-02
3.584545519421842436e-02
1.724382847935433671e-01
8.335288318948080866e-02
6.253827238748733974e-02
5.265757881489026293e-02
1.000027949019635792e-01
9.092010093111314861e-02
9.143334241086198411e-02
5.263269461224873852e-02
5.264326270733789975e-02
3.359938043572008870e-01
1.118881434968547056e-01
1.000020254992707025e-01
3.227663574928584661e-02
4.763054309082536547e-02
7.150069695440931794e-02
8.350512807977945873e-02
4.166812263412713463e-02
8.358891858577226219e-02
1.004326157339720388e-01
5.002708609426905623e-02
1.669173220627833409e-01
1.456266284109751230e-01
1.429458145824879234e-01
7.745163955466846661e-02
1.250542925688980234e-01
5.978048349613399037e-02
4.547068244646063767e-02
7.147638624341234870e-02
3.335310472253392999e-02
8.338501669228069735e-02
4.349478206827078752e-02
1.428585675971492386e-01
7.692773605979352780e-02
1.428787549754220731e-01
2.501142272273986777e-01
6.268728678460713799e-02
6.676682482847522138e-02
6.354431670938458232e-02
8.388899627675537596e-02
1.428916175860864002e-01
1.428582648030028157e-01
4.167098921093723846e-02
1.251757135857109182e-01
8.343749452970639080e-02
2.000000962505346924e-01
2.019976681365708571e-01
1.250018768096153310e-01
8.338049387834554904e-02
8.333570302164655663e-02
5.000876899966479744e-02
8.334161143908597191e-02
2.500890070495347950e-01
4.181051777410334930e-02
7.825998910292362998e-02
1.667210522872945855e-01
1.431570812326770359e-01
2.729895426932507640e-01
1.428838963172062992e-01
9.122929211740098132e-02
9.091452269552484367e-02
1.260392576888322569e-01
1.434670662290558341e-01
1.447947267734908672e-01
9.096151918302976258e-02
1.428694966252581355e-01
1.429545012212040944e-01
1.000367107229721136e-01
7.693098413434314164e-02
5.003136126990570531e-02
9.092929158959207891e-02
1.250217908026506064e-01
1.428700624094511318e-01
5.041993303510361457e-02
1.251670629232626009e-01
4.762502972621723840e-02
4.348904346880640148e-02
7.036251394305657880e-02
5.558293047320269492e-02
2.500118836483860574e-01
1.111181480512963560e-01
4.406226201140523574e-02
1.428892912153647277e-01
5.574267802675683670e-02
6.113336967487154744e-02
1.250043952341677589e-01
5.286950570901081253e-02
3.611152911361563411e-02
1.000490429559093980e-01
1.560448763397745686e-01
8.333610832582660777e-02
3.638759402702287232e-02
1.111111410412975870e-01
7.692443071718613190e-02
7.147331175768058265e-02
7.157187238904584581e-02
8.369301284248908956e-02
5.050293429126524736e-02
1.967386415226944074e-01
6.740952858225565669e-02
1.435309626752803158e-01
6.267817882264752061e-02
1.799384024210496369e-01
6.277167000970478028e-02
1.000280468936503020e-01
1.113204153164837895e-01
1.112126220406416538e-01
1.429123980375968106e-01
1.000632218417414065e-01
5.270866033532267680e-02
9.357696587998751148e-02
1.111641256384281462e-01
6.947481670276524357e-02
8.341450938201062926e-02
7.144812813145870467e-02
8.322831579829063908e-02
9.161239602798015857e-02
5.270838812084349678e-02
5.263399217756931092e-02
4.550482843016333961e-02
6.254307533437863942e-02
8.339769940972303897e-02
4.348445871555559061e-02
3.886941870428273216e-02
1.250895724624750127e-01
6.250705698856943993e-02
5.884366749763607352e-02
1.428659204546998962e-01
7.693352157354514664e-02
7.695451756296661783e-02
8.333978565295452334e-02
4.800873314477322601e-02
2.004668830234090093e-01
7.145714842894046459e-02
1.429111098003534308e-01
1.001302195717124477e-01
8.336207782953876377e-02
1.000085440491535610e-01
1.140286203922316749e-01
1.256970523432565934e-01
1.918529645641266768e-01
1.429192165376498569e-01
1.112026671430926400e-01
6.670486829981317478e-02
8.333571209784333689e-02
6.263224877617752651e-02
8.333694972676002066e-02
9.093328870961583932e-02
1.000017201397141176e-01
5.263218498519145472e-02
7.147354018051599311e-02
1.111395895694783503e-01
8.335957565434500005e-02
5.895360460852858142e-02
8.336048936912272833e-02
4.762705298993691327e-02
8.361406154698440563e-02
1.111638410407243538e-01
9.093379662810860409e-02
1.004445098463720154e-01
3.985083052745271859e-01
9.128892191039233994e-02
1.152968825960097421e+00
1.290281000197962269e-01
1.667262841912680316e-01
6.666746682091675980e-02
7.146896225256406388e-02
6.269396736258088521e-02
1.250104612589878206e-01
7.225686989224378021e-02
1.111695990731796507e-01
5.557198178443762543e-02
1.428838061272239834e-01
5.556606138771621323e-02
1.008983259063405968e-01
6.253198055057278271e-02
9.091341250047277334e-02
5.000183667343628680e-02
9.090985569734094662e-02
8.336831040050619868e-02
1.256455914292021192e-01
1.253564419416292319e-01
1.000022694413598423e-01
9.098391257183156833e-02
3.042343835369898386e-01
1.432343012056181419e-01
7.694256570269894513e-02
7.184496622565085533e-02
7.696971701215354900e-02
8.336617155732230222e-02
7.143691181938847945e-02
1.250093826802898267e-01
5.888770101736417323e-02
1.165968947534293670e-01
1.000900358340226087e-01
5.544408885016843813e-02
4.546372789662716379e-02
1.668362680291189115e-01
6.438624805041100185e-02
7.230261974733689923e-02
9.096188778280876741e-02
8.335326732402437155e-02
1.250260556917363597e-01
8.334115124203129998e-02
1.000270271779414577e-01
5.361010852266374915e-02
7.822539632783728769e-02
1.250320141588969203e-01
9.097628908529410696e-02
5.016275411617069496e-02
7.696735938103546615e-02
1.131173225562314838e-01
5.021899328419014014e-02
7.698349871623283436e-02
7.142874753466053883e-02
1.250084918852362170e-01
4.000221755035616999e-02
8.333641338144653909e-02
4.349439394181016383e-02
1.111667085601245192e-01
9.096924781338128208e-02
1.250005159459852411e-01
1.111114037307125019e-01
1.000035909883682794e-01
1.008757759146153843e-01
1.251012315367283079e-01
7.694653474484611233e-02
1.000011549990205417e-01
1.429092360293851560e-01
1.111508520551255236e-01
3.600481023143397435e-02
1.666732560040311284e-01
8.344514149809091619e-02
8.336944153126803203e-02
3.376783069119222991e-01
1.119939913470945209e-01
7.703972074909347378e-02
8.334330780118459625e-02
1.000294137217313944e-01
9.091774598354368520e-02
1.111451266956948736e-01
1.268519619566206014e-01
6.251225870666793361e-02
8.362746852039276702e-02
3.350372454792791554e-01
5.915488492068873144e-02
1.429032263671184133e-01
9.094168672951051524e-02
8.334427865558687032e-02
1.435734977953704583e-01
1.440260825365740627e-01
4.008776177775252858e-01
1.431587067702751459e-01
1.128980912049676877e-01
5.885343461726229991e-02
3.720511191709360149e-02
7.695218121301487801e-02
1.429098920510847859e-01
1.428589925384800008e-01
9.494930697793071972e-02
6.670340842282415639e-02
9.092688781295908684e-02
8.343709792055441221e-02
8.663602339827426724e-02
7.694093801217606610e-02
6.239009975111534795e-02
7.695637108785052805e-02
1.111239295803123639e-01
4.021340288998710016e-02
1.671166333164066931e-01
5.271017731719739030e-02
6.250639894140382069e-02
5.609268718966876899e-02
4.555163140542941441e-02
7.747910628550104539e-02
1.000502318280779707e-01
5.883643362559103779e-02
3.852848943116878033e-02
6.261207324304275679e-02
8.333671884093163396e-02
1.000186772149196796e-01
4.553738649284380657e-02
2.511037378061246605e-01
1.111167361988126961e-01
8.344807874528793745e-02
9.183925261313979904e-02
5.565485865284309358e-02
1.111532585763548853e-01
1.428583873145497785e-01
1.670160383079991873e-01
9.098156637455002971e-02
9.107555877508466402e-02
2.003390942363060534e-01
9.232671643422202257e-02
1.668266329756984134e-01
1.111116232403386028e-01
5.883189684771944483e-02
1.111189252834726277e-01
7.707767974783884257e-02
6.671271704812171965e-02
1.002786607034622107e-01
6.251034211155330478e-02
9.092919231177559736e-02
1.250091442968264688e-01
1.000000586778248268e-01
5.884613075784900227e-02
4.303041868734586856e-02
1.002102500665063289e-01
8.345888252922016581e-02
4.548483902646639071e-02
1.111300716726371374e-01
5.563282759315779646e-02
8.335345181626628575e-02
9.325735835128537432e-02
4.169102786697504587e-02
1.250031179319810171e-01
7.708212337860217978e-02
8.648776512359443447e-02
9.096138922375790470e-02
1.256245013215738504e-01
1.111192018812894311e-01
1.250010577755726049e-01
1.112342029532991106e-01
1.669458717949462156e-01
8.334739071240393482e-02
1.250099093731960875e-01
1.111161840434515130e-01
1.250167028704591843e-01
5.885146182049014879e-02
1.442948182395829282e-01
4.622388154398639898e-02
5.658702251435000080e-02
1.001113148616369630e-01
2.510251789982010706e+00
2.520285976956975205e-01
1.275702884596327802e-01
1.339038102590326129e-01
3.852786154659305212e-02
9.095476774398608688e-02
1.125751445667281386e-01
1.000215405589142126e-01
8.335984565386889145e-02
9.210547959517866035e-02
9.092179147179500764e-02
1.428591887391590654e-01
1.001949746428586474e-01
6.253508159266411848e-02
9.091224288841090462e-02
2.263102068979004233e+00
2.111138196921525101e-01
1.428834551031183675e-01
8.335744295665674375e-02
5.887129181979601500e-02
1.000021881525973988e-01
7.696617336104480400e-02
1.270522166463116942e-01
5.264620239593427453e-02
8.943703249087597840e-02
6.667442769379926248e-02
6.690406213577838879e-02
8.335499993993977785e-02
8.333757883874409744e-02
7.146142599398395967e-02
1.000083691101128769e-01
1.000249762297854977e-01
1.250022437239258211e-01
1.252344051036253514e-01
4.771327097220731672e-02
6.252091208033973280e-02
7.692949478240897199e-02
1.114755483536999658e-01
1.428833516424848349e-01
6.668211675803621674e-02
4.349011142127567203e-02
1.000029309148203344e-01
1.000038235394687114e-01
1.253557443738090027e-01
8.333658150447398327e-02
2.029256365367997361e-01
5.944748137737983912e-02
3.705676006318681104e-02
8.800789950241240389e-02
8.337090986291621764e-02
1.147876099826804913e-01
7.157055901883477289e-02
9.101867663704704681e-02
1.250301367841556710e-01
7.310074025961112165e-02
1.111549256616232995e-01
9.318655032195795329e-02
1.449746762973089520e-01
9.091491450044929257e-02
1.003544659918451654e-01
1.111136532200917848e-01
8.409826034464977507e-02
8.335771017391165050e-02
1.158929270894205055e-01
5.563530874205116494e-02
1.443950499118264730e-01
2.000134966716540230e-01
4.781161898119815845e+00
7.143072724596630230e-02
1.250200057627590677e-01
1.428593545214314753e-01
6.163108459476355216e-01
9.170138704963461118e-02
5.007563361735174745e-02
2.492463170876031003e-02
3.044799416562520358e-02
3.348744846903130290e-02
6.268298196898113017e-02
6.261136510423317980e-02
3.030950379408035855e-02
1.250145277453886539e-01
1.111870203200852475e-01
2.705345757089382477e-02
5.570075127363755679e-02
1.027063823069563619e-01
1.001407458236866360e-01
7.283288282548289194e-02
2.502696755626542813e-01
7.143200313211901797e-02
9.095051505805230863e-02
1.000734701640137586e-01
1.642793591186380853e-01
1.000132760633065387e-01
5.986902647403467836e-02
1.111424256248934039e-01
9.100746269565807012e-02
1.121049424095890701e-01
5.268999261647858839e-02
7.695004157775207909e-02
1.111828114074332047e-01
2.000369727896025851e-01
8.335371076726021122e-02
8.333691832904328856e-02
1.111129196106955264e-01
1.428578561956423687e-01
1.101314838420014014e-01
4.166977713474312450e-02
3.705930752570914949e-02
1.003415175210445598e-01
1.428591654967039937e-01
8.504502001939839850e-02
3.060830876489902333e-02
4.764291973512849859e-02
1.111248118575399180e-01
1.250063831649343427e-01
4.000256114597904034e-02
4.167028682815130530e-02
1.251491800151888212e-01
1.360013366778242139e-01
8.382813386581766668e-02
1.006179801399373491e-01
2.340120783441080321e-01
9.092550111417257996e-02
7.147744616182749589e-02
7.696138333467489323e-02
5.277567364414407353e-02
3.573216778125311299e-02
1.002737106657517058e-01
1.000119252782285112e-01
1.429438140023515380e-01
1.428683991221689487e-01
7.142930769484663600e-02
1.676060697682195400e-01
8.334784112266356570e-02
1.001584619564065415e-01
9.152897123151589043e-02
5.017648523294300500e-02
5.007959573224958494e-02
1.112212016438366563e-01
1.429042467386984205e-01
6.701847873246921661e-02
4.767846598295463062e-02
1.258091578716298009e-01
6.277093238960204657e-02
1.250270819398914823e-01
5.116511362953864162e-02
9.109087677655897108e-02
8.337194709198185449e-02
1.000293113489909846e-01
7.739107161914246524e-02
8.335980792305591747e-02
8.337625926231900797e-02
8.333713461465229455e-02
9.213328730226302832e-02
6.712016362329985275e-02
9.092542463950058218e-02
8.333614394858475383e-02
3.754585258177466911e-01
2.000839792578036624e-01
7.142975868859835487e-02
8.363671063026889563e-02
5.004316280217215723e-02
2.077805495294602900e-01
1.113107932834550701e-01
1.044609858694468679e-01
1.945462018285296635e-01
7.692488428411976831e-02
1.000096078410208367e-01
8.334358841252852146e-02
1.111320644412182035e-01
4.558779884750927686e-02
7.696034522661039656e-02
9.096743755831041001e-02
1.118315801067467224e-01
1.253715546957422933e-01
1.000126690950967900e-01
1.000242953742820767e-01
1.450052192481918190e-01
2.002271861921497698e-01
9.107242505700149926e-02
5.003405614173506155e-02
7.692755854365027068e-02
1.000941559812856541e-01
9.160495115888421525e-02
1.111579579868039319e-01
1.250005775462720292e-01
2.668778216209656273e-01
9.242213927113698824e-02
1.005863998121392655e-01
7.726669947256251114e-02
1.253813524090130749e-01
1.000227303889300312e-01
6.250714190500995804e-02
7.776700300889481665e-02
3.395369141825775317e-01
8.335123468400050528e-02
7.713657204475936335e-02
1.000068334138214804e-01
1.327412881313932147e-01
9.091605763773183413e-02
7.260973197936484991e-02
8.334404742493117801e-02
1.000001210278550212e-01
5.883425792438660984e-02
9.094704092631146486e-02
1.111187181980645700e-01
5.577811287407406782e-02
6.006264524410032807e-02
4.000587002521752839e-02
1.673305064946175313e-01
1.250227236799667518e-01
9.103057531500230448e-02
5.264900736657499025e-02
1.112193238879675139e-01
1.250040247971292984e-01
8.373597223826330371e-02
1.112003954426974695e-01
5.077039588164199146e-02
7.155547593589413335e-02
9.305817993319412396e-02
1.666678396977303855e-01
1.000113612752872305e-01
1.250040870046096042e-01
6.252357593614678299e-02
1.035099670679923978e-01
9.092391292483553711e-02
1.111210877124046981e-01
6.666994024500182137e-02
6.672881820619318283e-02
1.124810752805282393e-01
1.111137368388471214e-01
5.000980567635561480e-02
4.168702594649206089e-02
6.250956036017349393e-02
8.385284268389954498e-02
7.693036621100936279e-02
5.372224553915321693e-02
5.567552203887163320e-02
5.556799722882415499e-02
1.430388628489293046e-01
8.335290715942089701e-02
6.667024284633651932e-02
8.333460747896544174e-02
1.111236167390191043e-01
7.693276399761192486e-02
1.112590684423984677e-01
1.112719736048793373e-01
1.250565859910974242e-01
8.447004848508228581e-02
1.434580923847140199e-01
1.428826509642679987e-01
9.093310570127095815e-02
8.333637234698244856e-02
9.091995394825423682e-02
6.231748502070334761e-02
1.250115962169718875e-01
1.111680106240137689e-01
1.110544143371286818e+00
5.887398947941678562e-02
6.667108834886693869e-02
1.111391296305771076e-01
7.144715589626260410e-02
1.428706906930543308e-01
2.007155629366816352e-01
5.882759529890974753e-02
1.111212838324028840e-01
9.504656282551172952e-02
1.667969581356432418e-01
2.046795351656511830e-01
4.550286377212042765e-02
5.268651925818940152e-02
1.429865784252932759e-01
1.121703759774970444e-01
4.170005228794807645e-02
1.000170804889995296e-01
9.253511847904917487e-02
7.846609626305425800e-02
1.000391000520316070e-01
7.419368945025144046e-02
5.938261421443304794e-02
1.000448130903283800e-01
1.111396274198472311e-01
1.430057796462556041e-01
5.573890403269506771e-02
2.002043225850108354e-01
1.000147579117170171e-01
6.253616724500069002e-02
4.763737986856877299e-02
1.666689641380764142e-01
1.430076507360547311e-01
6.258716470803162013e-02
6.001636320352439491e-02
7.169580047577477078e-02
8.456951830325110109e-02
1.113224359840099265e-01
5.266777497332211788e-02
6.685001576076379792e-02
1.431071739131755394e-01
3.846574419463331951e-02
4.763114292826958751e-02
1.000931703856317023e-01
5.275358565077994250e-02
1.001617815046526722e-01
4.547188768634755074e-02
4.762440968507248434e-02
1.111452768912185168e-01
4.557299406244712942e-02
8.342942083055859825e-02
1.251065199710590936e-01
4.001832383230321394e-02
1.000843854783276532e-01
1.429669916517129213e-01
1.118469355842493934e-01
5.012502848735102268e-02
1.111592310537795059e-01
1.668827742529540581e-01
2.007846472708698093e-01
2.000195967545516373e-01
9.098157027744395442e-02
9.111893381120504676e-02
1.001348200498971136e-01
1.250201436301184854e-01
9.092660316049645808e-02
1.000651852976489897e-01
1.122175680002695936e-01
7.664034601113345335e-02
1.111138809845666764e-01
1.006649191460349674e-01
2.943384357622137043e-02
1.852563340956705495e-01
1.111551017273573888e-01
1.429065098747508422e-01
1.000247602054898655e-01
2.500150155339442293e-01
1.000974408506592334e-01
9.094015342620923037e-02
9.091342479306244173e-02
1.429116169812056636e-01
1.001210633562197999e-01
3.869775804384026352e-02
1.111769093409445824e-01
9.093511007212927433e-02
8.344876974408417525e-02
4.177971042089862613e-02
1.111296491784374840e-01
5.586921358114257941e-02
7.697462023704930434e-02
1.111626314361720269e-01
1.669605676552300133e-01
1.465703677214390821e-01
5.689965076171690783e-02
1.005961180576289138e-01
7.145425210753020284e-02
1.000328409253290196e-01
4.172251879240904127e-02
9.117292499741837253e-02
7.692666501913329735e-02
1.138251022233597448e-01
1.801404649105782241e-01
1.428612004443756411e-01
2.000148186164329434e-01
5.973716557630455448e-02
1.281101225602514215e-01
1.679371020142707838e-01
2.033998432152977764e-01
7.142931153916180775e-02
1.000082303547656232e-01
1.428898256519834653e-01
1.000004315537819793e-01
5.555625808530817444e-02
1.111112056554219574e-01
5.265243734726655911e-02
5.556612277293604407e-02
1.667494672408551815e-01
4.352246146617042705e-02
9.099221051159052387e-02
1.250100699704128071e-01
1.430751994077736622e-01
3.449629332015573258e-02
1.666703645428835034e-01
4.175717384213567529e-02
8.334559684549736058e-02
1.006937460810077845e-01
1.705792035032419607e-01
7.201067044673803430e-02
1.428653944664947384e-01
6.250960420275974982e-02
1.000030107532053070e-01
8.345255058605051401e-02
8.468991225117676602e-02
9.116161322902462116e-02
1.000883704260727286e-01
8.343279972110727305e-02
4.002054100849381651e-02
5.882635078638266679e-02
1.254213058664955804e-01
5.560142451491170701e-02
4.591343319151353769e-02
1.429382694053686065e-01
9.090945996720142808e-02
1.385298977800744624e-01
4.166991312823326715e-02
5.266474150272953264e-02
2.000107202647146420e-01
9.099376617085302987e-02
1.111152938808124546e-01
1.250081609091309442e-01
2.802926316048414135e-01
1.111129911303513768e-01
9.091465662246700496e-02
1.000585360382137273e-01
4.177271015739716931e-02
9.109074316046573971e-02
2.500212162236566948e-01
9.093847418752937228e-02
7.694664801568590340e-02
8.336784601961384766e-02
4.765214385241754724e-02
5.886761653489197554e-02
1.000386657572523708e-01
6.667388549511756024e-02
1.000120128688396226e-01
9.180027461803863531e-02
8.629164636910981179e-02
9.092098805389596528e-02
9.208183637174303937e-02
6.686472109015498266e-02
5.653825567712880695e-02
9.098391648047191027e-02
1.026415137702026692e-01
8.415965827153730483e-02
7.963452753989277988e-02
7.153668332045627631e-02
1.250010598885988033e-01
7.692608486511377797e-02
9.106849304271374956e-02
4.762685932149568480e-02
3.572491730046263581e-02
3.454191964779843721e-02
4.696775140888220790e-02
1.250187940784653895e-01
7.703571402440292926e-02
1.112344130516719071e-01
1.000238467443257812e-01
1.112510770738587840e-01
9.105009822742382575e-02
1.000829698810661306e-01
1.251364779204115207e-01
1.111143459159707608e-01
1.007673664486238990e-01
1.428574094903768132e-01
2.004780064830313235e-01
5.263319766383314086e-02
1.431142126016568539e-01
1.250896309124498729e-01
1.250065360332212605e-01
7.692604253968761407e-02
9.091117272411274042e-02
5.882600194793086851e-02
9.091774871979793615e-02
1.111666233219893579e-01
1.000007971592657696e-01
1.111166314273991235e-01
1.428948724214207655e-01
1.428595192214443532e-01
1.250125701628539976e-01
2.053237514414604781e-01
3.513452752494234388e-01
1.111455802855227659e-01
1.000520422890636973e-01
1.111199662921047993e-01
1.445757172141637348e-01
4.576372265135477541e-02
1.434764515354752523e-01
5.266458024801687343e-02
1.531154833509918434e-01
1.666824722673634351e-01
1.111209583030529913e-01
1.798345549554630496e-01
7.322219662394928441e-02
8.334631773338835314e-02
1.432232847883301574e-01
4.349928907313369703e-02
1.000024788038657714e-01
7.695944467064401440e-02
3.126546900524924261e-02
1.111753433348798559e-01
1.016918456712083974e-01
7.150916171680533895e-02
1.258513248778598548e-01
1.667022161221272947e-01
9.244180683666924914e-02
5.561849054124642228e-02
5.560864200962364196e-02
2.626030809464501015e-02
6.804136937786155193e-02
6.671265148673852230e-02
1.668611739109322478e-01
6.269892424138225062e-02
1.000052328571009452e-01
4.562068739089730068e-02
1.138770767624859959e+00
6.253545410018181150e-02
1.821225961381782166e-01
4.765179533620809288e-02
9.091636711976258667e-02
1.000006184561301054e-01
2.000335340612219015e-01
1.671009269772477657e-01
4.621053726459055377e-02
1.431325913348181211e-01
1.000011503408950453e-01
1.000019710660161321e-01
1.193200422619043466e-01
1.250009772515866535e-01
5.882879112051488807e-02
6.672858414551902095e-02
1.672564294786245964e-01
1.111218943516925073e-01
1.017975372945273405e-01
