6.669621199584745141e-02
3.179688256212291619e-02
9.103240469945429736e-02
5.639413227421286035e-02
5.943517445236974617e-02
7.256043520651758727e-02
5.915158587078948177e-02
1.005630786828329848e-01
8.335259528560114151e-02
3.231041859392969756e-02
6.253667862058856497e-02
8.407135641955097716e-02
5.884644684473596538e-02
9.096185593058946084e-02
6.676984041099182088e-02
7.808578890181637477e-02
6.667725391277941338e-02
1.080125647594808586e-01
1.011192521909491104e-01
3.453883654053869351e-02
7.143246575390416186e-02
6.791306184361366183e-02
6.704842753305634284e-02
7.143842409303381713e-02
7.692537491072849731e-02
6.265889566079141382e-02
3.650095573025037565e-02
3.758220292710715699e-02
6.252627158208022562e-02
6.253192903549902038e-02
6.387716806108992285e-02
6.667960145080503720e-02
8.336082462843358298e-02
4.568950419217791825e-02
5.411343730966516885e-02
6.285358096627845226e-02
3.139643979867647733e-02
2.195035235909862936e-01
7.693911311980275447e-02
8.346868737614852873e-02
6.678940523797456674e-02
1.432925617116586614e-01
4.555289618421813624e-02
4.463336207281984325e-02
5.584352870200385427e-02
7.000483037557773958e-02
8.335611497497991129e-02
1.000095725608845659e-01
1.063745000573406013e-01
8.345557276708094607e-02
5.268383503076742164e-02
5.573681464037798933e-02
5.292044856113469642e+00
