1.179792377532164066e-01
1.677827248247891478e-01
1.378855904446606717e-01
7.756961970417414198e-02
1.003096879976197453e-01
4.001413499134912760e-02
8.413431926133170535e-02
6.662321677692824295e-02
4.407503795413954262e-02
7.148316039903444830e-02
9.091971476093267668e-02
6.693872985399003384e-02
3.983521707533803635e+01
4.199986115905923051e-02
5.892603315507415757e-02
6.673366059563681785e-02
4.366843632777107215e-02
4.782853668556320131e-02
6.668607603594030320e-02
8.346456533814361478e-02
6.259607365228223030e-02
6.171607572385545692e-02
8.568061912245646117e-02
1.573227490883598312e-01
4.584965789238589218e-01
7.695631790052955001e-02
6.254616019882225375e-02
6.252909131568348822e-02
3.577961091558883033e-02
5.911011435603936298e-02
3.328037509729508264e-02
9.308370220323368416e-02
6.672145566192035082e-02
7.148716002882256337e-02
5.575438311461020091e-02
5.013052735925858927e-02
8.341581984432185071e-02
4.921289054726045442e-02
1.402702658796914359e-01
6.672754318381081406e-02
8.476423104439495537e-02
7.153442727812131530e-02
1.011165386291561497e-01
4.130514475707092736e-01
8.337009853930094083e-02
1.461394374396452478e-01
6.295374149256817431e-02
5.889835681342548562e-02
4.175248298061311897e-02
7.148648597714377106e-02
1.537715531419041604e-01
4.845340251973943857e-02
7.712881877854629864e-02
9.097722607421537822e-02
8.081802308867336304e-02
7.699818204673432309e-02
5.669634322757220041e-02
1.255496459196986381e-01
9.101728804079804724e-02
5.580455065111430274e-02
6.671015867319778081e-02
6.262020893493894236e-02
5.036814487553753494e-02
7.167980746096436206e-02
6.670849218098373612e-02
4.566800707613270088e-02
6.827645027015263879e-02
7.721471031855101086e-02
6.838225016188491379e-02
7.508626301108439760e-02
5.272709264872640217e-02
1.268343326281248240e-01
1.115444721407480161e-01
7.733249199763615744e-02
5.883557849229649472e-02
4.679698715593261921e-02
3.759279551548192627e-02
1.000171242502155000e-01
5.509811850713795811e-02
5.649181541314935578e-02
1.680358101362874057e-01
7.146514264972123054e-02
7.149961179078068163e-02
1.017663239887192927e-01
1.184271763353588469e-01
9.002225905847217879e-02
6.755168210157233566e-02
7.145599935032810601e-02
5.285479341868305064e-02
7.693621238819003949e-02
7.742666951347612625e-02
5.573065643515503348e-02
3.165470642688140990e-02
3.916451151863769437e-02
5.815360669194106213e-01
5.753498365796215486e-02
4.422143618360085265e-02
2.348357974351495125e-01
9.638658317923069763e-02
7.703222730150309505e-02
3.490527661625857092e-02
1.672986344027641126e+00
6.670049024002680516e-02
7.694568245595721778e-02
3.945848703885083270e-02
5.913259263264206145e-02
1.000279385920699732e-01
4.917255133775247344e+01
7.145650654079212238e-02
5.882968643443636098e-02
7.149691532997425047e-02
7.043280059300971452e-02
7.166962146980990211e-02
7.705033391160560907e-02
9.178621747925058694e-02
