1.000067332183728064e-01
1.000107494115613366e-01
1.448880890259191812e-01
3.965648296838750684e+04
1.372887242934048013e-01
6.681795358516227912e-02
1.431333543759591709e-01
2.157981063130651467e-01
1.111941803796134831e-01
1.104513870612452431e-01
2.395764624901426387e+00
6.668609282483137224e-02
1.000267415759926726e-01
9.099789252195304712e-02
6.092138867947109043e-02
4.932682675704024716e-02
5.883953543646026213e-02
7.219370287279421039e-02
7.692467789405375844e-02
9.094205575555180943e-02
9.101480902047716370e-02
1.599120075546747455e-01
1.009583704987153246e-01
7.312818489201453054e-02
1.116975336180699580e-01
9.445200195434072521e-02
9.439239069793338432e-02
3.180253403479422758e-01
8.740837421445492306e-02
5.267012487363007672e-02
7.443386739309908184e-02
5.437794732145714806e+04
9.317849676847526907e-02
6.673844680110682659e-02
7.696506487795432006e-02
1.251668216598422478e-01
8.610151789444984993e-02
8.333514824918109021e-02
1.154198575613107625e-01
7.222394762269446211e-02
6.257026681866896534e-02
1.000552070408792654e-01
4.393410737417176304e-02
1.114392684611285045e-01
6.936707359624610936e-02
1.960305931185413464e-01
1.001727265057241328e-01
3.851289433147102315e-02
4.684652003085651994e-01
8.943521357735535748e-02
1.004924514844225819e-01
3.474656671366818661e-01
8.333934424848338240e-02
1.272052570823495321e-01
1.111120635303792098e-01
4.123540405643844747e-02
1.306928486403858558e-01
7.144051851292376742e-02
1.000148355017235619e-01
7.693194754752458175e-02
1.253944134105204056e-01
1.112894064213514334e-01
2.222585398870119688e-01
3.952769749225842205e-02
7.693917318814925965e-02
6.683204365137965230e-02
6.676126843688084955e-02
1.024132928256766412e-01
1.031141693425475514e-01
6.393246815020339757e-02
7.755553317460128770e-02
5.349782329399740965e-02
7.692536523615881028e-02
6.250869325096616858e-02
1.673413521389330860e-01
1.113354521072309200e-01
7.975078696999989003e-02
8.696088887815854596e-02
1.430320594109849297e-01
6.264330536316693732e-02
5.676652472687516993e-02
7.696902461274035545e-02
1.272674965419045012e-01
1.111357610853275085e-01
