9.106458261686094235e-02
9.109387822225344100e-02
7.692635554919977081e-02
4.775715966270654977e-02
8.392109668981462267e-02
5.605717552519159236e-02
4.121349262601686769e-01
3.233674284950905503e-02
3.095323949474073494e-02
3.867447355128744713e-02
1.117009905822859556e-01
8.892981754164928920e-02
3.877413775399757984e-02
6.364776357188060840e-02
5.002178805435654463e-02
1.252728117247848549e-01
3.670080146945967764e-02
6.208543728134361533e-02
6.282585974383236849e-02
7.693877293732891143e-02
1.672192532581938673e-01
6.503470685550703789e-02
1.469086960760821736e-01
7.143433956328047729e-02
8.361145441632944486e-02
7.145071959244904403e-02
7.144653465306623208e-02
3.962009934249735577e-02
8.335721969165980905e-02
4.229266420849295965e-02
3.998793071474774502e-02
3.874141103115818358e-02
6.283606447301240405e-02
7.150705940902842006e-02
9.092031390693439130e-02
3.749853099725183186e-02
2.218455193958981830e+00
8.340507041677819311e-02
1.006301532814415783e-01
1.315318267489240522e-01
1.572556871918176225e-01
7.366585878687900713e-02
2.911455689675814668e-02
5.163223061936476205e-02
3.963006865374606169e-02
5.884397117963929835e-02
1.255006618850655342e-01
3.263719722487619379e-02
1.111208455061427069e-01
1.222324215714170048e-01
6.052441348058797826e-02
8.558416871069102205e-02
3.075167775959796179e-01
9.131010209091647289e-02
2.884812000755290762e-02
5.264515994031232493e-02
7.705181749697638527e-02
4.636652436272685474e-02
7.693428146976423465e-02
4.175595811807970154e-02
8.344366663571607667e-02
7.456085192031527975e-02
8.345430060531454364e-02
6.963881956560885600e-02
6.497387099645497710e-02
2.745930018391245717e-02
9.122604703620078304e-02
9.096348636366706486e-02
1.104951039631555110e-01
1.147969529954688817e-01
7.145194343284358429e-02
9.091813436170452511e-02
8.392173071843167520e-02
5.892727635489675153e-02
5.667285188276319219e-02
3.409832173818230783e-02
4.001818736269988075e-02
5.557163518516886752e-02
1.122741213437408181e-01
6.266967737996231858e-02
3.776814896139478461e-02
1.036760002857635421e-01
4.176879617178843040e-01
7.167743086003643127e-02
1.062600030163348974e-01
1.435644232500898620e-01
7.333563669327060053e-01
7.823019675700677855e-02
9.103749542723225952e-02
6.677473206966033636e-02
9.145445446238492648e-02
6.285194401947312437e-02
7.142969441121548024e-02
1.114661342818454859e-01
8.361719738811863867e-02
7.150552314732808168e-02
6.066619208634779770e-02
1.055991232151736736e-01
1.000048398038640152e-01
7.145245036389494264e-02
1.340529191452298763e-01
7.841151964351432413e-02
5.270063973622274994e-02
7.853195886841855822e-02
9.093924166424099953e-02
1.255173242378940512e-01
1.001305235904298430e-01
5.614440297716741940e-02
1.244060226390383828e-01
5.556530520249557126e-02
4.426881513632480863e-02
6.254054059396235710e-02
4.472185197419977637e-02
7.349965624144115528e-02
2.808087842907331932e-01
1.407860280732573521e-01
7.692712975076330950e-02
7.698806700276634996e-02
7.693100224926505137e-02
3.923777763915611838e-02
4.723387003263392359e+01
5.567339848050247009e-02
7.398880715584832402e-02
1.000879114573033357e-01
7.723518478645555185e-02
7.150851725857952645e-02
7.700660861767728849e-02
2.406805464112465875e-02
1.432504866671704125e-01
1.259282192896703234e-01
7.745532423631450170e-02
1.274891886469839697e-01
8.478757567011159513e-02
2.746046728437266382e-01
1.307101821628093019e-01
9.127124414158216403e-02
6.837182818990249211e-02
6.178075043524297594e-02
4.569536602595615782e-01
8.790297492328422169e-02
9.136739628100958022e-02
6.690177635593215488e-02
7.692815439424585677e-02
3.488703010477730432e-02
7.745818835289235149e-02
5.999086710774880621e-02
8.415020262953759600e-02
5.005949868242744183e-02
1.118127133390644790e-01
7.580418268454494624e-02
6.254336668375716501e-02
4.002663072202249789e-02
1.004926918842344863e-01
7.164128972051422850e-02
7.164582525102222710e-02
7.176717850659321274e-02
8.337361747737503936e-02
9.430046904323306778e-02
1.326855741982498060e-01
9.092612724403960345e-02
7.746056901139268536e-02
3.233545726905302092e-02
1.111124170094000968e-01
7.835060821899728078e-02
7.149340757538735769e-02
5.560372361627331783e-02
7.143054699904662075e-02
7.780017629106003585e-02
8.363651122883995759e-02
5.557587697852349462e-02
7.483830987965604808e-02
2.914267518794379577e-02
7.242773439836112936e-02
5.277776715311932598e-02
5.019345192935661254e-02
1.430510906147597350e-01
5.018627948036408215e-02
2.137917629120029694e-01
9.107360988243015654e-02
5.376835905693808093e-02
5.263608002452612594e-02
1.193183585292666299e-01
1.112350491400478092e-01
6.284103962304909974e-02
7.151416614603288424e-02
4.567274661733058960e-02
2.573503102957596766e+00
1.111137655799467189e-01
2.931268143672423054e-01
3.266353714121824486e-02
2.899210941527589555e-02
1.000380346008074711e-01
1.258332354466795977e-01
8.691101018645194798e-02
1.439540353424776931e-01
5.032901956223208295e-02
5.109667531126474982e-01
7.698616734289917551e-02
5.825129619261854019e-02
9.093731599789159348e-02
1.122637352449419174e-01
2.310420724839565565e-01
5.057488127896688640e-02
7.157483574014582295e-02
1.478267422559524924e-01
1.252462413317420864e-01
4.796333443809360636e-02
6.459117064551129772e+01
4.229166502325742982e-02
5.431710104511413423e-02
3.234217111884056806e-01
6.667133980642087066e-02
3.854685120722810276e-02
1.000143786722627742e-01
1.707621401548914397e-01
3.778838462307673035e-02
7.167943014310326766e-02
1.472759028380429547e-01
6.206570881779966548e-02
9.016201216842069377e-02
6.263085827872852396e-02
1.534982650741383292e-01
1.002020283373704912e-01
5.016967859763071802e-02
3.032019254495604485e-02
2.717328147571821881e-02
8.359548741830252760e-02
7.697159754978358248e-02
