9.099708157436495193e-02
8.360079894542790657e-02
1.052127186831219724e-01
1.163116328286036005e-01
5.984337201739654832e-02
1.026258294242397284e-01
2.802016327804872017e-02
1.002697527176166642e-01
8.343487603045839085e-02
1.111669098591492877e-01
1.112096109254534781e-01
1.666978636182296913e-01
3.829985847102667096e-01
7.145448877993405834e-02
9.258270752367421530e-02
1.116268201110794667e-01
8.781780506149310106e-02
7.145927427364330564e-02
1.904128531060100549e-01
5.092066350532441221e-02
6.740264978013409125e-02
8.336652970385717565e-02
4.874788976917838190e-01
3.857641319624181830e-02
9.167042705443413653e-02
8.486831458146075480e-02
8.351863934347818208e-02
5.556643998486431035e-02
5.292941167402120256e-02
4.764298024540424698e-02
4.001574109832203158e-02
5.263535992927825119e-02
5.555794375203693125e-02
9.094621235617617039e-02
6.253575075481689061e-02
9.092365228982859926e-02
6.328367937997891879e-02
7.792224965465906206e-02
3.351232494140139045e-02
4.556828755062314329e-02
7.146632794572946312e-02
7.697226132555380629e-02
7.697579588380373816e-02
6.624760331705434324e-02
5.901910605194463783e-02
3.288044185701663458e-01
6.371697244205301591e-02
1.065747651843054755e-01
6.341554892789406928e-02
1.002462977226179497e-01
1.243911235532391690e-01
1.000056889653930803e-01
9.109723684652792919e-02
8.336870268488420777e-02
7.146640628898999481e-02
3.342990793716728304e-02
9.213799027713354128e-02
7.146937125377940403e-02
7.869372036937472004e-02
6.516663585627591182e-02
7.299751385206790233e-02
9.092240553581434903e-02
3.572856959283098738e-02
1.250218736382559259e-01
6.278727044994231177e-02
1.530311222932446424e-01
8.335039109321577822e-02
3.063943759631048910e-02
4.688332258270169056e-02
8.343566273731883864e-02
5.002747916238819981e-02
9.108122513007335663e-02
5.555968287932327304e-02
1.429178471269122730e-01
3.601955057793360809e-02
3.714146256125074735e-02
8.340586311810309350e-02
8.343816047203250763e-02
9.139484478450644878e-02
5.159288174873444960e-02
2.882036823449008467e-01
6.286779949657481104e-02
1.049545511617519661e-01
1.483673330736290652e-01
5.984960570633662824e-02
1.376813584712311689e-01
6.278932672833326123e-02
5.556745983505605169e-02
7.167933779750639001e-02
9.226306785098291330e-02
4.092477202868570474e-02
9.122423984315351786e-02
5.264840701155376612e-02
4.770354198210833424e-02
6.686280396635881085e-02
6.667673927898729036e-02
2.312916807443318387e-02
8.875629251557239086e-02
1.326178745430624806e-01
7.164691487911385714e-02
1.111567434141853827e-01
4.764645792198989732e-02
4.181469567757633427e-02
3.474712464502092979e-02
2.019969806936257606e-01
7.157354884655567351e-02
1.124422850695329518e-01
5.694121286976605578e-02
9.403867074945003457e-02
