7.153524233267304078e-02
5.648758585452137715e-02
8.344043574796933260e-02
1.046102485189277509e-01
7.265798047985537467e-02
5.609535101718948064e-02
4.001129536764912176e-02
1.198711671325619621e-01
8.008759423372698028e-02
6.675598255072022480e-02
2.685462020564351349e+00
5.890743601769856536e-02
1.606114359850575113e+01
8.333820393345843514e-02
4.185859860320753634e-02
2.502134626305926313e-01
7.745480498120087265e-02
3.621552090796980455e-02
1.673415479002762218e-01
5.899927095786889480e-02
9.097495014809746372e-02
1.000523387019291999e-01
9.401440876170676086e-02
4.264762604784544386e-02
5.569849858288281053e-02
4.290467514027816037e-02
9.138300193001359928e-02
5.002000130396486860e-02
6.135547045318188314e-02
6.250331595446304012e-02
7.163821604202806614e-02
5.676965883151950665e-02
8.477230786376616090e-02
4.818806030908817650e-01
2.000101304901275301e-01
2.516753070007752280e-01
2.500024148542084323e-01
6.267554006469272521e-02
4.467714761521129202e-02
7.692384242094657543e-02
5.567197305751023229e-02
9.114987310820774069e-02
6.667344619701467967e-02
9.841602700497703582e-02
1.000026221284389949e-01
5.956321511730559848e-02
1.356676571237717122e-01
8.345276575267158992e-02
3.429165403058831441e-01
3.333346318543603526e-01
2.500012864778699551e-01
7.719610773029932094e-02
4.001018822041912254e-02
1.111858777251672342e-01
6.123316005684198426e-02
4.570088123000958652e-02
2.276981075815241173e-01
1.512124186155801020e+00
5.526207963375501936e-02
3.617168418700235366e-02
6.266511637006173807e-02
5.647991355469261787e-02
1.679683413092021016e-01
