9.111904188452486786e-02
4.169992879701495125e-02
6.668942396243150716e-02
7.145465564093904376e-02
7.692561296852419572e-02
1.000545680237770602e-01
9.239721462641427296e-02
8.364719078009247299e-02
9.141627733410838397e-02
7.146852077048418406e-02
6.266795974316954898e-02
3.864791913226958697e-02
8.393225459515983589e-02
3.127164446584646679e-02
1.159332283521725682e-01
3.352661813688327386e-01
8.444313285782151235e-02
5.597022285586485124e-02
5.584422957658981973e-02
7.631368790523906931e-02
6.675592961483997612e-02
7.742806279661053337e-02
6.254055860133846123e-02
8.342823162322715591e-02
1.111319880538292615e-01
3.454630082028849192e-02
7.243354346085305318e-02
4.199691039221557093e-02
7.146436716818771462e-02
2.119752246916103422e-01
7.146415283543765262e-02
3.044042568366961410e-01
4.372301698085562238e-02
7.155051306453667770e-02
7.742356673183288518e-02
4.211634689069569670e-02
6.666728743577773897e-02
2.521051890112632199e-01
6.266192396957086241e-02
7.699346935213934040e-02
3.749835995702197056e-02
9.130965156356925239e-02
5.022223980997210513e-02
1.410845985280709258e-01
4.004022608792023180e-02
8.334170047794443870e-02
1.001077309512428543e-01
1.111453610237031764e-01
8.350045937714793698e-02
6.258549828530131365e-02
4.547896074763024127e-02
8.339659446104243090e-02
8.036906082386435779e-02
6.684833437709555848e-02
9.092463605674003246e-02
1.495568562212541697e-01
3.944224894455150565e-02
6.723009586908172686e-02
6.252333648741441319e-02
1.000359094661568971e-01
5.901825440583420568e-02
6.251647044516400742e-02
1.727984883075887879e-01
8.147973607963664155e-02
7.705895667949705374e-02
8.358822509151762892e-02
7.697838019045534497e-02
7.153110782006213975e-02
3.852763906949081135e-02
5.266049344943032201e-02
6.686200867691820537e-01
4.553612817154099879e-02
3.458072359914950156e-02
7.877579627891259650e-02
5.560491561098680757e-02
4.874846714309981344e-02
8.339653929523581366e-02
8.382357678336095630e-02
9.699803305934852349e-02
7.146755367421982197e-02
3.579403796352290806e-02
9.092351772795352616e-02
5.886798982755611642e-02
5.889658100170042793e-02
8.339613256188467549e-02
3.341264938243518334e-02
5.717358261502999278e-02
6.020445545271081722e-02
9.102529077768117816e-02
9.101059194202108793e-02
9.108464177706725173e-02
9.754904641255025821e-02
9.311028040970024955e-02
7.703253153678332743e-02
2.754305765518429094e+00
5.446687892695193517e-02
7.144308120974855736e-02
6.667829801810462587e-02
3.256900385843328194e-02
1.059509203639719677e-01
3.135549615047870942e-02
8.424728213990036185e-02
1.678766018834467744e-01
6.273782999742869015e-02
8.336090753997736635e-02
7.701325861707418452e-02
5.264706729117165501e-02
3.037292644661361216e-02
6.488933673908554856e-02
4.460431204109938791e-02
8.358175655553223837e-02
2.429241694078422900e-02
1.381627796089119009e+00
9.103926515856085311e-02
4.362780732120355442e-02
6.256274154280855315e-02
8.650503774411735791e-02
9.093972289262945707e-02
3.492621466063189350e-02
7.087368650849937279e-02
3.866279679298579436e-02
4.018952520846817006e-02
9.093341178020639126e-02
5.559613645982319774e-02
7.754878136110900100e-02
5.006696113428930894e-02
7.694149932508152767e-02
8.257350580028460785e-02
1.118408052340126441e-01
4.411749411863315373e+00
5.883934373426163988e-02
6.028705794232436938e-02
1.111152663854455824e-01
6.251800665683455993e-02
3.743802568218768667e-01
3.284324747785045268e-02
3.349366827491153525e-02
5.017696622692521119e-02
3.621545710817038882e-02
7.703005498879364477e-02
6.668996044244149268e-02
3.742113476240876979e-02
7.174582847514106299e-02
8.333678631484030264e-02
6.677563955252696637e-02
7.701595882595399511e-02
5.226405089913101210e-02
5.001634857823619024e-02
8.334438949979529332e-02
9.253836753255030578e-02
1.894123405621860601e-01
9.100808779151901839e-02
7.233326783861115938e-02
4.573812515477912455e-02
1.000900580626094827e-01
7.150475843909696871e-02
7.147627686315161100e-02
8.350708508694050514e-02
4.237593646209907722e-02
5.362259092292884916e-02
7.694042954566425452e-02
1.492374728439264941e-01
1.111356678303694612e-01
6.262419584080990143e-02
6.996751897135175535e-02
6.251989621843105638e-02
1.000379537048624312e-01
3.686243307029490324e-01
7.143281556798217191e-02
5.079796557927289402e-02
1.451873999786339686e+00
1.289752776219666164e-01
8.342153285877752789e-02
1.266706048493545789e-01
9.099202251856217116e-02
6.271557258500438936e-02
1.481973784653588810e-01
3.669476462044531789e-02
1.304842873697707739e-01
9.168418461402438879e-02
7.692687920691526626e-02
1.250168572107318021e-01
8.441303471276052905e-02
7.694097874851760221e-02
7.153130040347314977e-02
6.670878613330083473e-02
1.008954574966501594e-01
7.707590091785859743e-02
6.251006610375650641e-02
6.684034211460236630e-02
4.781206079778345386e-02
1.051723745724445630e-01
1.022518970564892937e-01
9.108873828166749731e-02
8.334015843383933697e-02
5.557969410816835515e-02
7.152794014231163289e-02
7.707571054785765374e-02
6.681161573682556365e-02
7.693883957839053878e-02
5.025735775052123794e-02
6.675255964197897296e-02
7.692716572123919905e-02
7.694305243301503838e-02
7.153998852561262167e-02
7.144543306698872276e-02
7.719870896398842164e-02
8.362472903280465664e-02
9.093971787571784871e-02
8.825547092283310413e-02
8.338105041636657833e-02
6.250824273939503684e-02
6.670315727866654720e-02
7.539797967370501786e-01
7.162910590149267065e-02
1.001936913691944542e-01
7.696278976199831534e-02
8.152133275372440424e-02
1.548102633636596615e-01
3.501595642696257726e-02
1.771890259685230951e-01
3.456332760223659178e-02
1.021128131446468190e-01
9.105894929572949659e-02
1.274700049886390574e-01
5.057085477818292624e-02
1.951485750938601327e-01
7.159732465120680067e-02
9.094786452072747829e-02
5.923813997828317884e-02
4.553791322397770375e-02
7.698731792486529502e-02
7.377613970631312357e-02
3.723344279275159902e-02
8.244878676452334354e-02
4.027294180282142699e-02
1.079457881194952201e-01
3.267551986976831302e-02
3.029383636285540304e-02
6.667266472102245656e-02
8.615092171622795725e-02
4.172061534364584351e-02
7.149028136312700343e-02
8.647415929889450126e-02
7.708248580761702107e-02
1.005887094217615685e-01
5.045805018285533933e-02
5.570505980866038986e-02
5.267063875813148000e-02
1.250540461509835055e-01
8.510185053672396360e-02
8.333862352260684725e-02
9.098599757022020340e-02
5.031845509538923622e-02
8.502400336732345021e-02
3.630782215786974854e-02
1.111115775489412288e-01
5.952045460473202182e-02
1.697292491700067019e-01
6.701544517111485133e-02
6.250540589642648859e-02
4.781072659332809283e-02
8.401299749515744875e-02
3.721572320670259865e-02
3.866997272488340714e-02
3.575314496451696689e-02
3.143199613855456043e-02
7.739328062953419740e-02
6.420271417173696593e-02
7.697409460953807958e-02
6.756838928306176106e-02
8.360156011020260236e-02
4.579543453660681745e-02
5.274479192380995135e-02
1.000458882578009467e-01
1.004627724598377014e-01
6.314394041058807305e-02
7.742975024280854268e-02
9.941004660707153384e-02
8.626554034627444134e-02
6.252932073099412569e-02
9.199004233901136862e-02
4.408414527058221455e-02
1.129270988515049812e-01
1.000034646276818373e-01
2.884130745259155804e-02
8.339856064858336415e-02
2.337537718157242139e+01
1.429415927871158509e-01
1.112447603899870685e-01
6.667412113250398287e-02
5.294982380097155300e-02
1.267103495316496409e-01
7.144247413630148980e-02
2.417713798572328557e-02
5.558866687908522314e-02
3.471378295200451547e-02
6.285703804884221202e-02
4.558637319234604829e-02
5.264079883223402034e-02
7.735862790398681521e-02
1.202980080440083643e-01
4.386554307096373617e-01
4.064113283129821425e-02
4.024488299261811536e-02
5.927143196616391913e-02
7.694762217761662304e-02
1.000119739772993011e-01
7.694442806322020212e-02
5.005490201532981909e-02
1.008997336796574190e-01
2.490553054939181193e-02
5.016013823838894048e-02
3.847056101539410994e-02
4.553153191780187625e-02
1.439497347291189000e-01
1.002868340626781041e-01
6.258513887038853751e-02
5.589882900824327122e-02
2.805673830907910726e-02
3.487933714001276164e-02
9.921659776061574065e-02
1.111143527845309120e-01
7.796783626053392646e-02
6.722979890958412363e-02
1.000055149727067799e-01
1.000023898141261247e-01
5.577389775946834521e-02
8.334738341121193661e-02
1.741873811511195358e-01
6.197892991925248174e-02
6.305298901690653546e-01
3.168182202215077958e-02
1.163969010610877292e-01
5.884782604888886409e-02
1.016332101842083169e-01
5.586940046716402930e-02
3.476409435349688687e-02
9.094420742308191585e-02
7.693903392556634968e-02
6.253620866801863631e-02
5.864918958996621079e+00
1.250636216968633585e-01
7.146069800796096827e-02
5.885909020865366659e-02
7.186277504489155254e-02
6.251819916708230285e-02
5.897815097898811976e-02
9.094912028774126966e-02
1.113381659357598058e-01
6.669923761951898622e-02
5.883459567439987270e-02
4.180081420832456457e-02
1.116427902645404230e-01
1.000547828350965007e-01
5.565083198030271183e-02
1.030017842186501664e-01
3.044282655307153571e-02
6.666817110260084278e-02
1.111145010926571502e-01
7.696255529148691987e-02
4.077736935882282643e-02
7.124093630350128437e-02
6.252056795902212472e-02
1.295923639175263486e-01
4.382370064955390943e-01
7.144336400943127052e-02
9.091225215417807204e-02
6.670975942831859629e-02
8.060854370995169937e-02
9.337268054262526373e-02
7.982633023420124263e-02
