7.692780541246108106e-02
9.750281860818444102e+01
7.729412475837448004e-02
6.668051906849155330e-02
7.711922958227614144e-02
7.694160160416657623e-02
6.254552373871091753e-02
2.791866932507637220e-02
7.695255441269893693e-02
7.145719281375839671e-02
7.184427052136906078e-02
7.146883537351796101e-02
1.091943404223773700e-01
6.668803757016558698e-02
6.560869018140896847e-02
6.944055128926940323e-02
1.133682704997822643e-01
1.250936383949272368e-01
1.458805026185863163e-01
4.102599605583481107e-02
6.251396137174060341e-02
2.860339498380437551e-01
4.009901762890730886e-02
8.337623637420930878e-02
8.296337552999152876e-02
1.281038066019155874e-01
7.221991150084985933e-02
1.250043838224139670e-01
6.266481134790452545e-02
6.905232370840565237e-02
1.327307311066555917e-01
4.199823721012992117e-02
8.240632701104440294e-02
7.702028213714615101e-02
7.698828454261441578e-02
1.251750080189384384e-01
9.095055659218127808e-02
5.601120174028233895e-02
5.774423069062408626e-02
5.001369413499943267e-02
7.772115678326882438e-02
5.186358774940942606e-02
4.021411371499968024e-02
8.338080645511437849e-02
5.592844712769626248e-02
7.692698745017735595e-02
1.616317448366866860e-01
7.978409765550840971e-02
3.245708020570515773e-01
1.000015448039878602e-01
6.682280849037151860e-02
