7.832061937018902631e-02
7.320592200605068045e-02
1.211319333810032817e-01
7.737162135358285897e-02
1.568328589516809046e+01
6.510546482372456256e-02
8.333674373699573312e-02
1.673983642101779801e-01
5.934126359282389240e-02
1.235527262734090300e+03
7.265243959241718397e-02
6.669935358399826930e-02
7.198788148617177307e-02
4.376156417991015901e-02
1.000559479986070921e-01
5.938694175631642480e-02
7.984539052071489007e-02
8.805261053601892707e-02
5.282082605794844593e-02
1.903125068631366934e-01
1.080551259231970901e-01
7.695006956582926827e-02
1.126939264010447667e-01
1.404570286056482931e-01
7.986595601847003290e-02
8.017013905211636260e-01
7.154863923422387362e-02
7.727198382404047716e-02
8.359463056431952477e-02
6.301190302104198171e-02
7.189911377158619832e-02
2.629786404590021137e-02
6.364666313003640441e-02
8.516996355652563244e-02
3.293275620786569047e-02
4.479679416516390428e-02
9.264872789260376884e-02
2.745721662564901133e-01
6.423670973975838250e-02
4.214537536776254839e-02
9.110644729915752527e-02
5.819764769722885617e-02
1.138801008370790152e-01
