1.007240813842373017e-01
9.116434391663283399e-02
7.326749944197463726e-02
8.377789561054781176e-02
5.670460837755724598e-02
7.145696858960519371e-02
5.144731882697493180e-02
8.036756851185690442e-02
6.402494094173880046e-02
7.694349200312032566e-02
9.285611378901395541e-02
1.047521934450128533e-01
4.269505351545299643e-02
8.344890057962460472e-02
1.000143458718234513e-01
5.099256713540971375e-02
1.072921534937906207e-01
7.682345822827341131e-02
9.160817763242813661e-02
5.311652021022809922e-02
4.015824874887054946e-02
7.725093690470341556e-02
9.957172035105850416e-02
7.170417263166724287e-02
1.486291990999595580e-01
5.892280132582358720e-02
7.698877145553585655e-02
8.394665657335920184e-02
1.323352479473827448e-01
1.670710543414463956e-01
7.203295796981171173e-02
7.186475437581731074e-02
7.696643935674329917e-02
7.692363096256546462e-02
8.340068522445226451e-02
5.889269724749406770e-02
1.000014452398431952e-01
5.521874396011411390e-02
5.566472695820730981e-02
9.671626928351202690e-02
7.152178858672743333e-02
7.156466771352464062e-02
6.682779623323670259e-02
1.060250783064910496e-01
3.093199699635142477e-02
6.671206606237234382e-02
5.384996122893810633e-02
6.719964032592408432e-02
1.144961902275098142e-01
7.263641644041630985e-02
1.428708319913977454e-01
8.334248659877598053e-02
7.200982913677192454e-02
1.124643298265816521e-01
5.586864955347260742e-02
4.939763956424094576e-02
6.286803455778190719e-02
8.350260069352412329e-02
8.334399844045299599e-02
6.686903038122153642e-02
6.674643271868203886e-02
1.045911076702298742e-01
5.817259576799539006e-02
6.690038323602541526e-02
9.302130860549528979e-02
6.975670905056806370e-02
4.559837809167984757e-01
7.849811323025000787e-02
5.575281604513981915e-02
9.131562676271895440e-02
6.671032955155446753e-02
5.889943292253555646e-02
1.025136515032258194e-01
4.818844304655620775e-02
8.077162927065774378e-02
