8.424690059201329906e-02
7.328419540529988729e-02
1.592001335178543364e-01
1.872815746029900197e+00
1.209606524374971848e+00
3.141631030345472531e-01
1.984505102430002221e+00
1.001406134338291565e-01
4.748174076742468774e-02
7.859625363650747654e-02
1.254078524839687681e-01
7.737949311077854664e-02
2.825684750288048191e-02
8.432651973373872512e-02
9.213585112900503360e-02
6.520755285676148316e-02
2.539408370315914265e+00
6.697938566411493211e-02
8.011941752336919353e-02
9.306752588436928431e-02
8.242657444397381850e-02
8.444394070361573024e-02
6.026332488104220453e-02
6.347484840288740437e-02
8.449744703068741425e-02
7.264536925050359140e-02
7.150096682682739735e-02
7.704065539558652143e-02
4.882421588822761366e-02
1.256446401214999509e-01
7.149830449944931388e-02
2.450987872810453660e-01
1.084530774475626624e-01
6.274908575308210668e-02
7.891954963634860432e-02
4.231857701159166818e-02
7.153064530082198225e-02
9.035443982426448473e-02
5.046827216783129899e-02
3.930012955615069109e-02
3.511119633787920108e-02
3.717300891075284164e-02
6.259281120874994608e-02
9.258711316260857804e-02
5.364315077064158582e-02
8.336560721925594108e-02
7.147996797055473917e-02
1.871704472796641983e-01
6.948870019260126873e-02
1.111516006925198918e-01
7.210150768232745366e-02
1.329661368187835757e+00
8.133518091391739313e-02
7.423248882691793615e-02
5.345535087738127050e-02
5.360009485530996542e-01
5.454020295315566841e-02
7.150185563291924784e-02
1.182450066379110015e-01
3.043712108171271052e-02
1.129765455388320028e+01
9.425174052618412457e-02
5.886044649375700433e-02
