6.667219755935743786e-02
7.697236925633653415e-02
5.882589699569239911e-02
1.322058237247229207e-01
7.533399190379953814e-02
6.592118928031759362e-01
6.666851142825057364e-02
7.155836441805794867e-02
8.358723168012953397e-02
5.885539852517929910e-02
8.334792616728882442e-02
8.369117310535706400e-02
6.442903613220805903e-02
7.697484227092510345e-02
8.440076499130615140e-02
5.559303266584065401e-02
5.882798070789318351e-02
3.673730017577091916e-02
2.345754750027830848e+00
6.667136598318162966e-02
1.118357024902510433e-01
7.722499219743386711e-02
9.305492692282425760e-02
7.143778697403195543e-02
4.027967479903847570e-02
7.144339900973363522e-02
6.672506640004519096e-02
5.791871623624861298e-01
7.159413564843990219e-02
6.985630306926346456e-02
6.667079937765896247e-02
9.109645320005245461e-02
1.689306298126060923e-01
5.886545270406538105e-02
1.690444804512448718e-01
7.145497565667627282e-02
7.695504520526237624e-02
1.113737397347143165e-01
1.008123138366080196e-01
1.847105914760295842e-01
8.335040146743993850e-02
5.001801988515294090e-02
5.329710771703357469e-02
6.272165288858960741e-02
3.621663791297054930e-02
6.666745359545935001e-02
9.103991570476374640e-02
7.326937355337197200e-02
1.292469839216804361e-01
6.666754971375171701e-02
6.250232670232089283e-02
9.103835764894897820e-02
6.667934549761130036e-02
7.090562003811889946e-02
