1.474527998184946009e-01
1.030271000095443756e-01
8.781430197730684395e-02
6.754240743764407251e-02
5.589661299802344691e-02
8.192886681818788153e-02
7.812948309787073886e-02
7.167911627213451042e-02
1.112568119445715431e-01
6.060136832276962204e-01
4.692250405504899136e-01
6.251560394416080801e-02
2.085498008226732036e+00
7.083038710508053615e-02
8.116732981284673076e-02
6.267972878361530165e-02
5.556608174025189084e-02
6.703609005070279570e-02
1.111232059696524027e-01
1.280978680568790606e-01
1.505557083385969108e-01
6.700001636317301501e-02
6.750950966749474924e-02
1.029594518154364341e-01
1.111207574699394490e-01
9.102581533941990488e-02
3.143274321005090077e-01
7.081208878501620008e-02
1.111267454829181489e-01
9.149080292339223375e-02
5.899746867778158516e-02
1.032815339359127194e+01
3.249820220736908405e-02
1.859910364747437428e-01
2.327822563780203424e+01
