5.265911074824328880e-02
2.048727914184685250e+00
1.050873992654519362e-01
7.935367500141010666e-02
8.725217383422019524e-02
2.993447160384651862e-01
1.477711196219544476e+01
9.100796817663633909e-02
7.506471426753091869e-02
9.101058284211892280e-02
8.340808840658854584e-02
3.362794326773708709e-01
8.350745694127320595e-02
8.134320753750329258e-02
3.966488173643796245e+00
8.363768182244057936e-02
6.668158437562937690e-02
1.053228235984406264e-01
5.644386050558938828e-02
7.224569900731114824e-02
9.106097898717871453e-02
9.967495801082025542e-02
2.558842258313613893e-01
5.658479257522051054e-01
6.250417601629214281e-02
6.275932865407728156e-02
7.159240874333390459e-02
9.995583018106116158e-02
6.672783933426781888e-02
5.227490755514838661e-01
1.267849588836203190e-01
7.581291125238830420e-01
1.112052597490024025e-01
9.299992329981583705e-02
8.334731118027992325e-02
6.291022767592559239e-02
2.504054295818916920e+00
7.143389976519869122e-02
1.413245274755531300e-01
1.449304419991963022e-01
7.216887556690622374e-02
9.291808976081673832e-02
1.006782205192727347e-01
9.098172357033830482e-02
8.879349770152795973e-02
4.434971241248181206e-02
7.817467089892157772e-02
8.524524417137958887e-02
9.910792402700416281e-02
1.266471226317919807e-01
8.007646003289601300e-01
3.088656922984994724e-01
9.136973859999103498e-02
8.338954398162666537e-02
3.882637505414814755e-02
9.169709914319747190e-02
1.211938705871272930e+02
3.613281822025706802e-01
8.345425232762361534e-02
1.541843000942666464e-01
5.883159623434131014e-02
4.402382694635877058e+00
9.168236520700225045e-02
7.697573563581612544e-02
4.833488546381051881e-02
3.108594572006513790e+00
8.429729015398856884e-02
7.145877456114481385e-02
8.991695839166244375e-02
2.582997860168725346e-01
9.304188293321382641e-01
