7.107423494522174812e-02
1.326880147072972416e-01
7.148327405944163160e-02
1.579151110924970902e-01
7.745692964684450232e-02
2.511255999739777089e-01
5.907896339554957743e-02
1.176805583194694833e+02
1.653517888387198986e-01
7.701236575971701082e-02
9.147978884927403243e-02
5.683944694891216592e-02
5.227000900184253923e-02
6.367737159636685518e-02
2.098501409030615605e-01
8.135140649528252443e-02
4.102783931018291058e-02
9.107029832719713835e-02
5.770146300800890748e-02
5.613062026515976827e-02
4.127891717057819571e-02
1.665766921946980894e-01
2.095136399260438154e+00
7.993788081050974548e-02
9.752807459037914350e-01
3.140652431945733181e+00
1.176112947936040420e+01
2.310721881204907735e+00
8.907645720445593440e+00
1.273551191564994411e+00
1.981128326367172787e-01
1.000016073526154015e-01
7.402954373063629079e-02
2.353393229760881999e-01
9.191972956510298387e-02
8.630287997983487891e-02
1.063778823104710058e+00
4.706917664138018931e-02
8.355676069394446515e-02
9.632598804814475058e-01
1.924653499256304556e+01
8.527505377499434991e-02
7.798630687725675859e-02
9.092921850000901252e-02
6.277914964604496273e-01
1.788848320827432170e+00
7.955974471241858414e-02
9.331685158417513115e-02
1.102342869891186350e+00
6.655159934888862927e-02
1.596331957525561895e-01
1.207134539414992158e+00
8.506164898916984685e-02
1.345337903161676341e-01
1.915266236313023001e+02
5.582513487745961039e-02
7.212373574037088397e-02
7.709245727319659347e-02
1.718283839874514030e+01
1.000050327702807912e-01
2.966120670251148894e-01
2.456579776646486479e+01
1.006899513996745155e+00
1.016313529441729147e-01
8.401881660283819220e-02
3.493135356711950246e-02
1.413318924475439331e-01
8.106279056219961587e-02
7.833048111494486654e-02
6.740017213541847629e-02
6.452791948659622467e-02
7.346745281421508678e-02
9.156944454774840203e-02
1.423432553260042255e+00
5.427332631552591463e-02
1.001759525379014582e-01
1.392187259771570929e-01
1.284902254601784921e-01
4.447444992045505863e-02
9.592200313530686862e-02
1.020150475569473608e-01
