1.647868479559897878e+03
3.912718195810955396e-02
1.492324640494236654e+01
5.890828907071782972e+00
1.102493542433891915e-01
1.273087099176782311e-01
6.723147516032965121e-02
1.303212314487222079e-01
1.130223276453879849e-01
3.117506910044453017e-01
3.808184568577325013e+00
6.928096475293751833e-02
4.863001604368018954e-02
9.384641805608741338e-02
1.682384301045743991e-01
6.423411285847455132e-02
1.701860261117759399e-01
1.513908950082959726e-01
8.809954124815443099e-02
1.007107954581611953e-01
6.689096462416578570e-02
1.136120796325709587e-01
1.373485808353318016e-01
1.254433539987842017e-01
6.747512402183446223e-02
5.266777813227213612e-02
7.226359145451556609e-02
6.501400571439160103e+01
6.338050969152669856e-02
3.909984890734900104e-02
1.296932156501212186e+00
1.008962944256973360e-01
9.118707011283938568e-02
1.736683221769305163e+01
8.389447951094403111e-02
1.666720170785294108e-01
6.075681352989004580e+00
4.177887214307576813e-02
7.772366002937027007e-02
1.111504803007594966e-01
2.307168206775373420e+01
1.116215732499038354e-01
1.250913715525695524e-01
9.439165268776154027e-01
1.068830627923997578e-01
1.041125735260950286e-01
4.215932600362119587e+00
3.484288832860914925e-02
3.606285363649285869e-01
1.003147779013790625e-01
5.557529825590681871e-02
1.681037750131084973e-01
8.008486711814286618e-01
1.026821338694304531e-01
2.411533744312904237e-01
6.256821384629196459e-02
3.703151869118120332e-01
2.495234245121163152e-01
9.055195591752812634e-02
1.852229483826501877e-01
1.114169763435189503e-01
6.774462387458200785e-02
4.366935089222861305e-02
7.696562034527125451e-02
1.429157982289767370e-01
5.970496074584572099e+00
7.152841100665514873e-02
