1.377936620866240802e-01
4.516092999990420909e-01
9.092403000140164560e-02
9.130770900423136605e-02
1.058727749928904061e+01
8.140596306558384176e-02
9.377662353198931711e-02
3.655015656409923291e-02
2.000474394082138452e-01
7.302502634831478656e-02
7.349302131713372765e-02
9.330523229631547399e-02
9.098311709180834095e-02
1.138076691380277422e-01
3.270793769972752507e+00
6.091387373413115203e-01
7.696401052874504711e-02
1.001382859358423694e-01
1.001590627826864643e-01
6.007289022451886562e-02
7.183120071126883333e-02
8.354002153629989935e-02
7.694869882786956050e-02
2.921646222222188172e+00
6.782032785825223287e-02
1.006817413366655201e-01
1.502285459021634129e+00
1.129791166595324609e-01
3.410723014219368271e-02
1.366188267314302607e+01
3.628868958848791709e-02
2.170091627996175720e-01
4.965814643335728779e-02
6.877702847431345357e-02
5.274284097725946696e-02
1.383565956466434599e-01
1.001377912755366806e-01
2.388182403197879611e-01
6.855591394458980525e-02
6.430120501311653580e-02
7.162868478296458008e-02
2.924668576445875745e-01
8.337873817568104695e-02
6.673018651170538329e-02
1.431507729773127957e-01
2.501285473972928441e-01
8.523766022523758534e-02
7.144292479123935669e-02
4.235713256992259801e+01
4.780283093949658918e-02
5.635396181901243529e-02
7.877753797619944931e-02
4.938094842982516941e-02
8.590901019013853779e-02
7.986292143950118883e-02
1.147824961929347076e-01
6.448758254067603612e-01
1.111461602765852347e-01
7.723301566915306837e-02
1.022160487635512538e-01
1.767753757354629529e-01
1.112993737490196033e-01
1.561224770481704216e-01
