1.295582320081177519e-01
7.821843905402771080e-01
5.542761873720877475e+01
1.243240190524426136e+00
1.156704620881217477e-01
8.444118483538694264e-02
1.269077989612213408e-01
1.178846654046442133e+01
1.400034754414571658e+01
1.535818803623396622e-01
4.009983121964354191e-02
1.142082591680867870e-01
4.770788946229040373e-02
7.167957053165674441e-02
1.643896463107986372e-01
7.702307262773838703e-02
1.139734753235836784e-01
5.920756007635022966e-01
8.335807728932687066e-02
9.761448286368799854e-02
1.058507269337088275e+00
4.403033326437194583e-01
8.096879355557208557e-02
1.768373769824095054e-01
7.145933493082894106e-02
9.298817501390684026e-02
1.022229595785183742e-01
5.616188015703477837e-02
5.418769662558234890e-01
