9.356327553107603168e-02
1.288154367244133569e+00
8.520069893042875719e+01
5.369582855297193313e-02
1.412461754267696490e-01
1.113188763059543007e-01
8.496131386512900674e-02
1.253121427010107924e-01
1.440712981066555542e+00
5.089373348295917615e-02
2.227739607302416491e+00
9.296465181367709329e-02
1.532393192370943846e-01
2.313904925503780241e-01
5.412863923706735747e+00
4.335689951706453438e-02
7.902768695087527551e-01
6.319765010351539869e-02
1.008891246334542441e-01
7.337665536852382153e-02
1.116921727920935498e-01
1.252980058675426944e-01
8.956408833668729752e-01
1.010799903485231910e-01
2.535165064854131511e+00
2.538634049483531996e+00
7.298445390957712664e-02
7.753152372590291219e-02
1.004241415123369452e-01
9.685364624583871207e-02
5.454030959252050698e-02
5.981847023900225407e-02
3.851723473543343101e-01
3.782227001826317547e+01
1.919227739818261114e+00
2.763553573869576563e-01
5.575492759979008145e-02
1.082386415346609787e-01
2.384888936042497132e-01
2.110201535118320093e-01
1.114851693318881370e-01
1.279020669335917182e+00
7.806592292533866273e-02
1.677974507793645875e+00
2.014296096876809217e-01
9.594220011728367414e-02
5.990814581839666586e-02
1.363530395428567410e-01
1.154416852032144475e-01
2.623103685126921270e-01
3.138876875244544618e+00
