8.729368041101372155e-02
5.416984493325843752e-01
1.039780897085796491e-01
3.133390106834387456e+00
8.351133008332949081e-02
5.556305590545287942e-02
6.667197060283509835e-02
8.314943237161731560e-02
1.428931419709681683e-01
8.531285272381068652e-02
6.679493014670591366e-02
2.049822738796094890e-01
8.335686851735686631e-02
6.699276044003520114e-02
1.429117157772329672e-01
3.338259910081023407e-02
6.250802962145869668e-02
1.887202861012027277e-01
7.696498347459858336e-02
9.100944179858533323e-02
3.234892477985007453e-02
1.157855310538878496e-01
3.425057500265055871e-02
9.165120030848748767e-02
6.666897638035032547e-02
1.772710671184175024e-01
1.047312488307864664e-01
1.224994135314284999e-01
5.358624934664864281e-02
9.091823963400891273e-02
1.371512648433479420e-01
1.000657458353609031e-01
1.003669626575690171e-01
1.558188735580170181e-01
8.710459694003820641e-02
7.714175027859898615e-02
8.334244759383219181e-02
3.274395484990754723e-01
2.963635256811023577e-01
2.187710235516264201e-01
9.144626975796965596e-02
1.275455859321093233e-01
4.832027615620569649e-02
3.335812519360518980e-02
6.415452221466082516e-01
5.031024667089785407e-02
1.335588994790221085e-01
1.008425963214806959e-01
8.343381171911778971e-02
9.313165069050133305e-02
1.156819709249424233e-01
7.692581437104029085e-02
7.760865457887759777e-02
1.128061647862352301e-01
9.093504595987486616e-02
7.754072765568754966e-02
2.366345882194736205e+01
7.694034985469125343e-02
1.003514037641599632e-01
1.170454023582784692e-01
1.250234113805573366e-01
1.118751200894809172e-01
6.250207663742149422e-02
3.291872941496805538e+00
1.033771121246068736e-01
9.283234386662891913e-02
1.006569878331022017e-01
1.252713283941795375e-01
7.709956260292018249e-02
7.708382183350213912e-02
2.441556612713381424e-01
8.919503075520567037e-02
1.112572344293724230e-01
9.093676594392757773e-02
9.447947907709509929e-02
8.573442896789969236e-02
1.389449742480733940e-01
7.146327348904400745e-02
6.262203732975983594e-02
6.197805018872878380e-01
1.673288995538509127e-01
8.333352732896461001e-02
1.669089025892353251e-01
9.408616529611131540e-02
3.486220180904757437e-02
1.001767525598614983e-01
9.110996132143575621e-02
