2.800024673485075333e-01
1.372095315030104068e-01
1.251247123919169424e-01
1.003564861183266627e-01
5.905401870586823171e-02
7.738002071312298502e-02
1.343249900876958280e-01
4.327439359516471740e-02
1.294350251737406143e-01
8.928393156066090353e-02
6.353649787093042234e-02
1.025946008651424241e-01
1.011292798013379013e-01
3.764017549771615095e-02
1.124943158027372908e-01
1.116614948155737336e-01
7.702644162953499463e-02
1.022515440048091112e-01
8.487933576383992207e-02
2.011535156948597025e-01
3.576784246013788304e-01
1.669915553757603810e-01
1.116068099491934890e-01
2.005779985239851959e-01
1.111773511757475214e-01
3.966550366441606162e-02
9.891624024931928993e-02
1.567676198393554154e-01
8.882427498146183709e-02
1.113410554623316950e-01
7.334006433809928116e-02
1.254257644472140942e-01
6.560803091700423417e-02
1.194273758666924284e-01
8.588640598284669192e-02
6.386670629627666518e-02
8.338294794324523085e-02
9.207802587256797011e-02
7.837425613251462753e-02
1.127486155874472817e-01
4.867435898841149244e-02
1.232585978322066206e-01
3.861160203342702268e-01
1.117463932635984758e-01
1.431442852767475515e-01
6.427581494997308686e-02
1.368412108913615033e-01
1.151167550348985436e-01
2.011703074963853977e-01
8.410239976292549491e-02
2.520329283991084024e-01
7.444862030676402398e-02
3.359509714104039202e-02
8.346123073466642228e-02
7.499096922349046679e-02
6.121296729774176881e-02
1.963519841004302879e+00
1.430706529008168582e-01
1.196838644555839049e-01
1.118657113478925269e-01
5.900799926341158963e-02
1.730766972781962176e-01
1.111190659319208768e-01
8.763914738558221951e-02
7.168873948110800198e-02
9.786029657281349048e-02
1.017275402547620500e-01
7.283858538990727050e-02
1.535060386164547874e-01
1.232400218941550052e-01
4.850638212533454202e-02
5.162066861979522514e+01
1.290784874458529019e-01
1.113721843802108064e-01
1.202580819738285206e-01
5.051855356197637592e-02
1.190831887462425742e-01
8.390373825519684137e-02
2.485145413889191246e-01
1.216512856324895586e-01
2.790036244569694263e-02
1.257615500016021348e-01
1.429626009244004126e-01
3.137911773516903757e-01
3.767160261446218794e-02
6.458351997607968131e-02
9.394247220364970730e-02
1.045956111143339778e-01
7.912501077902293900e-02
1.480861100861399493e-01
1.002032592422262142e-01
3.793906748481128827e-02
9.636569585680478112e-02
1.000232864070082217e-01
1.338735220494525480e-01
1.252499747287147691e-01
2.541578598065525885e-01
1.067137411075735204e-01
1.400113740065021262e-01
8.334040859449448613e-02
1.274251532748523208e-01
8.078471230750465526e-02
1.666958450703293904e-01
7.659636917460456440e-02
7.027776538206161050e-02
3.859687132150824151e-02
9.370128646574325815e-02
7.563038191224312479e-02
5.772118839405999957e-02
1.255065433584542922e-01
1.260745415938205327e-01
9.385206044885086030e-02
1.588897659836764065e-01
7.763884658013514573e-02
1.003306263608943344e-01
1.536896236366689095e-01
4.447714178805395324e-02
8.390657293821757179e-02
9.225041565999017035e-01
1.130519602559275499e-01
9.408276178778071652e-02
1.123954512598101113e-01
6.711212884924445954e-02
1.431253418003052003e-01
7.381616259159943239e-01
1.281417549264353140e-01
6.376615350432629503e-02
1.250830135526887765e-01
1.783110802970969688e-01
1.077323718563678590e-01
6.744669727832493245e-02
4.907523003596420130e-02
3.839153744441684002e-02
8.392988370764263573e-02
1.169056367470509838e-01
6.668685272257018903e-02
8.438023247929828108e-02
1.679810668698737686e-01
6.743928438383636759e-02
2.520359956744350760e-01
1.047786898345207940e-01
6.299161283498398711e-02
1.821829160051942620e-01
1.251853849898547366e-01
7.757972547090118132e-02
6.399089288183459900e-02
1.000324849563352381e-01
7.156269882232584034e-02
1.487623608850404955e-01
1.254115089662745375e-01
1.754078069306092225e+00
3.063882308920078124e-02
1.120064650993907868e-01
1.695921349881829021e-01
7.186277721956833842e-02
1.113981261798741296e-01
8.151228840464792846e-02
8.377195391332405150e-02
1.274025614165599229e-01
6.990023219284391409e-02
9.106477228325413065e-02
9.445168389868663361e-02
1.095483058925902642e-01
1.302553360820124240e-01
1.254384492683102981e-01
7.486011826003691194e-02
4.433918483990815368e-02
1.114949234315446985e-01
7.829104193615989138e-02
5.348427149311164863e-02
6.808663518787931579e-02
3.391306842747997263e-02
2.975444494814197607e-02
9.134005581563640896e-02
1.856659543368323340e-01
7.274624937334335517e-02
8.203963886515402981e-02
8.986791320317419896e-01
1.928153273005863699e-01
1.003658549902067820e-01
1.156885342316714554e-01
1.253949608839204366e-01
9.522055984850642807e-02
8.873642213507307308e-02
6.876756095198698071e-02
1.986869101174711660e-01
1.719336185562627406e-01
1.140730162768927858e-01
1.113833388978738986e-01
9.155957957649078771e-02
1.067755723654948696e-01
1.385278183755492387e+00
1.906559633651030428e-01
4.452974056257034269e-02
6.838679572789171934e-02
5.671120528394334170e-02
7.763347915587602566e-02
3.938815925304284260e-02
4.664907363615182212e-01
1.741369978514501760e-01
9.094210906541978778e-02
2.019634409105573736e-01
1.158143363927416486e-01
1.286656711331610192e-01
1.828336839264841085e-01
8.655272350215457988e-02
1.459097680731354929e-01
1.006778593679718420e-01
6.672947939777836013e-02
1.168482336236822544e-01
7.719399502341121877e-02
1.467427245648763867e-01
8.246601933192436451e-02
1.066663911536898518e-01
1.447998057450926024e-01
1.134069405923350260e-01
1.008761464706706967e-01
7.180451909161381097e-02
2.297796348264875832e-01
1.251730031324629344e-01
7.708073286973472771e-02
1.668839061533687051e-01
7.153510264416163000e-02
1.068381484040241691e-01
3.358514292759676167e-01
1.111915727347805305e-01
9.100508168557470967e-02
6.757789868405177092e-02
5.966293962958624242e-02
2.091048000454088229e-01
1.023706348692609847e-01
5.951590896071613512e-01
1.004899068578813254e-01
2.527547785750232201e+00
7.238159152082158931e-02
1.491155170424218190e-01
6.010816132958418656e-02
9.392364104309262884e-02
1.009990320754825116e-01
1.693027714249917548e-01
1.382678678263202787e-01
1.049294729240738133e-01
3.334892574833403511e-01
