8.686871397601131362e-02
4.817556168763627994e-02
1.336341203877779771e+00
4.908435504291054630e-02
4.487414759377414963e-01
5.579698937520897323e-02
5.170534507230458571e-02
1.300205422218714268e-01
8.685118497165965346e-02
1.866635874003539919e-01
3.926745248776533637e-01
1.860787579129527802e-01
3.935331256145471190e-01
1.825261833181275328e-01
1.274752591404610391e-01
6.746125381049558611e-02
9.866316150823374598e-02
2.663372311653635083e-01
9.764780737820609458e-02
1.114306495765871596e-01
6.387339234628729157e-02
4.030314533662827242e-02
1.360422497705826017e-01
6.470430693760428897e-02
1.112783798293737469e-01
6.491336613837421499e-02
8.619371665534980576e-02
8.073705446120277296e-02
1.103402654941169070e-01
1.115439534160423546e-01
1.690601778757706786e+00
3.227165671458678275e-01
7.898165955624182610e-02
7.962877756545617969e-02
7.218707566842369472e-02
2.423238475014692472e+00
1.267286613999205058e-01
1.208989349904393690e-01
3.379135491204922626e-01
5.688125409328982640e-02
1.501799558990715333e+01
1.177109969498863346e-01
1.016353899313409831e-01
9.023320843427647120e-02
1.013099885331136818e-01
1.370492794203296283e+00
2.727371844264579390e-02
1.917890171499275320e+00
4.802370387594966789e-02
1.186399085304550571e-01
4.647078042675737430e-01
9.308997695038648268e-02
1.850163420664489022e-01
6.335229311131937435e-02
4.091768847112491891e-01
4.429489950326336717e-02
8.641919379867298023e-02
1.073014690606109711e-01
1.019405807956273585e-01
1.590872912421814334e-01
2.078818815846279477e-01
5.850781942653118795e-02
1.264611547075180364e-01
1.974888797752431813e-01
1.783415929331342853e-01
