1.255218914172082367e-01
7.712304297945093978e-02
1.113702517903493727e-01
7.745149987658415947e-02
1.314321398973913313e-01
4.795551738547200460e-02
1.302166908346869822e-01
7.704973919141354377e-02
4.103341419871466000e-02
6.722461942504158461e-02
5.941209543152924100e-02
9.265071770073163293e-02
9.161499767906901293e-02
1.594081925493008589e-01
3.161169526824046949e-01
6.682548616100342231e-02
7.229853737218040755e-02
8.027511241331741765e-02
1.156816985239993850e-01
3.424791410247566836e-01
1.472205289374425297e+00
6.482034518594344263e-02
1.170921370172349762e-01
2.503949979421420946e-01
6.376378307697165571e-02
6.707756826074082190e-02
8.341040362455703905e-02
1.711791293952178439e-01
9.096501153859636035e-02
1.285617672712528747e-01
6.054599600457840486e-02
7.143939971470698869e-02
2.737344195891632248e-01
1.000108364010114104e-01
9.130072425151979087e-02
1.676579813340968728e-01
7.025978476657506189e-01
1.256764545021916146e-01
1.114484429414307337e-01
1.287591376305677326e-01
4.229317987687735564e-02
3.698062255719310881e-02
1.077504269282052868e-01
7.149375855500413046e-02
1.170197927486932021e-01
1.111796910530250398e-01
1.045333159170312720e-01
7.188663289000967183e-01
4.398454759850546347e-01
8.457366860788444185e-02
1.115563611647928943e-01
7.946962259394939332e-02
8.653316399291925698e-02
8.415695392931067664e-02
3.582311537245656818e-02
6.253861583413113101e-02
8.712220444400110841e-02
9.526713412100766554e-02
8.525323379491883680e-02
8.932804398122713707e-02
1.745595829703806834e-01
1.314357169756344701e-01
4.589431391463399956e-02
2.600983590556587011e-01
5.284515066224382274e-02
7.167593641517076841e-02
9.170069634285239746e-02
4.169776641406009593e-02
