7.235674626167808154e-02
8.369117945127897695e-02
1.005239855630450929e-01
2.344090143051426323e-01
1.161014946114956731e-01
9.094778738404696306e-02
8.576193798045528283e-02
1.326534696637345079e-01
1.000515066277063853e-01
1.313030904972156410e-01
3.335769573144206634e-01
7.244600140900168961e-02
1.251383474434593357e-01
6.729238962427061543e-02
1.217496627349401173e-01
8.112818640674060444e-02
6.533706356885825295e-02
9.223268894529983164e-02
8.113719874750367766e-02
1.111370917968909217e-01
4.070603887080696814e-02
3.550504181403178749e-02
1.101426037049434009e-01
1.445905420508241945e-01
1.112123987124745139e-01
1.250202308843148258e-01
4.118160115593275106e-01
5.815453761961109080e-02
2.085750420887682477e+00
6.311151331293660127e-02
5.336330111167827681e+02
1.296495563062387557e-01
1.116140148979476165e-01
4.570895454275655800e-02
1.297409881304099621e-01
8.463250637346660110e-02
1.283277531734137444e-01
5.758547501106568989e-01
7.160611829274847462e-02
7.165928682736619204e-02
4.837614391275067011e-02
8.503871812082486326e-02
8.396988030288697613e-02
9.836189139984125029e-02
1.143521684988308695e-01
7.433230036597830714e-02
3.854587489172931924e+01
1.156624736510463713e-01
1.104023145371570980e-01
1.138520722480271252e-01
5.665531260008532799e-02
1.111532828876461293e-01
9.117280640689755244e-02
9.002927945907589213e-02
1.111152265961737468e-01
7.728940954745969205e-02
8.603495959951683314e-02
1.287893053885353079e-01
1.167913642937361829e-01
7.394057046208057926e-02
1.524125607733720633e+00
1.251317471270851911e-01
1.037291482284569410e-01
1.262305205321494483e-01
7.169836674025541201e-02
6.256358636954023611e-02
8.057993085653408771e-02
2.265173516464241699e-01
1.130816959986660386e+01
1.489017045451289378e-01
1.111587241302888773e-01
7.693741958057090380e-02
5.942861161161953898e-02
9.095429903035780195e-02
6.465590313739806583e-02
2.456828636352610395e-01
1.253319044563226403e-01
1.101915605420145522e-01
7.566650486159465228e-02
9.823962618504158972e-02
2.031571661564667508e+00
2.951228158446128624e-02
6.668419699807247303e-02
1.433271762121570148e-01
1.254492521891684420e-01
9.095037760657088965e-02
1.798865228803819827e-01
7.011564771103752369e-02
7.250504478088146132e-02
7.366406210405772315e-02
1.688652752380574995e-01
5.390122601970077226e-02
9.186256194747191572e-02
1.002841383239563705e-01
5.485410333227062896e-02
1.233262997367215175e-01
9.388359814049870855e-02
7.201687057697372940e-02
5.738347777255741605e-02
7.771207630013783618e-02
1.472994153788891314e-01
