1.371449247015644630e+02
4.067151765689449583e-01
1.089458863712595982e-01
7.701276950553989642e-02
2.210074260598262896e-01
1.098170223338066492e-01
4.115796320532724151e-01
1.405145341632761946e-01
8.692201215127852432e-02
3.460928173978128908e-01
1.258453637319484342e-01
4.857808681383505439e-02
5.040335984625259058e-02
3.691186467838677032e+01
4.176873313575917707e-02
6.377980299896267302e-02
5.574520695038117507e-02
6.256691911079871604e-02
1.253084681370836839e-01
7.298040834581843994e-02
6.809972194339597440e-02
7.722299347616373710e-02
7.155173153146431042e-02
6.289631325180335131e-02
2.178042210865939743e-01
4.957173507188641537e+01
1.006121759444192632e-01
1.179942315551795046e-01
2.872214985782239882e-01
1.000165548596800014e-01
1.369251585774637903e-01
4.549731614283566289e-02
1.028004663501691368e-01
1.250653138111046669e-01
6.921353416682933524e-02
9.779344688557899401e-01
7.146366953231286789e-02
5.288311447517420744e-02
7.576062891011665912e-02
1.353936646165779134e+00
6.756961715734959018e-02
7.144558044384917428e-02
1.128986042424419689e-01
9.190935492530948048e-02
5.385544290155439562e-01
9.435106025094846416e+00
1.102965744939561760e-01
9.200994092152964265e-02
6.256148194449496769e-01
2.744769864247199598e-01
1.938201505966262417e+01
6.337322567013017882e-02
1.176625992281338656e-01
5.960705668745933106e-02
5.196028548218113718e-02
1.152019238677145646e-01
1.135112815458610147e-01
1.361776174586040722e-01
1.135572365398310885e-01
1.429047440904569755e-01
6.635270629514081198e-02
3.583510308247879472e-02
5.015470878433013480e-02
5.043039685386417614e-02
3.862729972788526284e-02
6.679380890903403867e-02
1.004192288445105302e-01
1.178120611155721309e-01
3.943093918356672112e-01
1.068957529387744576e-01
3.903644565714815828e-02
1.123090704082407576e-01
7.936143269805359668e-02
1.139788025120547360e-01
5.268291301896097650e-02
4.592446525218050329e-02
1.436639242231915470e-01
1.011807095429123893e-01
7.144008205325758087e-02
9.206302475693041443e-02
7.770859173097773021e-02
1.230823113968473187e-01
1.299600581266560917e-01
6.414536325939970696e-02
8.473034789278070800e-02
6.768792883050674114e-02
1.504649756075551459e-01
1.311159232884172576e-01
3.086437807294755697e-01
