5.556391798305122115e-02
2.009845830839872283e-01
4.189358754556803177e+00
6.725704168363702551e-02
9.284617634827174726e-02
9.111894417023802539e-02
8.338728901608370714e-02
1.117072075576436702e-01
1.359924334688989989e-01
6.754333322539783635e-02
1.752571348557211139e-01
9.127206234552537323e-02
8.400589888579058917e-02
7.185129516425828311e-02
1.031714415752667813e-01
1.160169438149157295e-01
5.542230672670191843e-02
7.610875002309389070e-02
5.028712771946495380e-02
3.006357057917331543e-01
6.684095917056792624e-02
1.115141290875665270e-01
6.252842196386523832e-02
6.757781680102814548e-02
1.000723038646402774e-01
4.561271063103781997e-02
6.361343267006944191e-02
2.000487684698318558e-01
6.698997672893265698e-02
5.013364577397830951e-02
9.207321066710694168e-02
1.205091896743405999e-01
2.010287972252839117e-01
1.910341132318349178e-01
1.112328722453693325e-01
1.434684932798247492e-01
7.694179621145180725e-02
1.121595507475820069e-01
9.097235169740146288e-02
1.180254480394806044e-01
7.692453202483469366e-02
1.637388842481380669e-01
5.693475841526066811e-02
8.347572451406648497e-02
4.375541244981502598e-02
1.963362924244699714e+00
1.002058623389258524e-01
3.467803136804677333e+00
1.003099806111467374e-01
1.474915496613048993e-01
7.823935895928451068e-01
7.699765897625969469e-02
1.111519422599625828e-01
9.563632062658421196e-02
5.047958433688309876e-02
7.231381502747057100e-02
6.826794248105345908e-02
5.934451331072550240e-02
3.233594330506705389e-02
7.939598821025521669e-02
5.312934400814675606e-02
4.028817349681333010e-02
5.885257813139403715e-02
2.949157332385619196e-02
1.256857517178631700e-01
1.051152042099464251e-01
2.229080498138424557e-02
8.021658624180995345e-02
3.710755527488981964e-02
1.588390529392133543e-01
6.256868298175961851e-02
7.454585435976368579e-02
1.144481901595204298e-01
9.098567677299920775e-02
9.225648323157323305e-02
2.031244942360820038e-01
1.318640028383080975e-01
9.126444016220867927e-02
1.003061151989524113e-01
3.455924596920163100e-02
1.119773164596783582e-01
6.263724175055883359e-02
1.234170710647246733e-01
6.668044102721268351e-02
5.603543155506540696e-02
5.996895596932607514e-02
1.156933288686491784e-01
6.388959962287819871e-02
6.252228875495355331e-02
7.787813585808155137e-02
9.101608576459697952e-02
7.710579726207364426e-02
1.455277553133139390e-01
7.151175089287391262e-02
1.114366677015718454e-01
9.100554724564009768e-02
3.347502447903900197e-02
1.277413149502146239e-01
5.557121589148572571e-02
6.385897312121596725e-02
1.001657225383326966e-01
9.448922889458977181e-02
2.954682332855266755e-02
9.566144024079589747e-02
5.276131621509022596e-02
8.361124110567559609e-02
8.305436940203470009e-02
1.232912402797128881e-01
6.902276359461660959e-01
3.234679851554723984e-02
1.189796777928738419e-01
9.555064384329160776e-02
1.771272341585661270e-01
1.003776127832742837e-01
1.292410190495254796e-01
7.145419575250264166e-02
8.579843501681864992e-02
5.925643429153559794e-02
1.038840908177466549e+00
6.081537736767079344e-02
3.033077246511321767e-02
7.701723560060139140e-02
1.457562773896168562e-01
1.310398206763380424e-01
6.283961691016180795e-02
1.194203407071695450e-01
7.720776202947078615e-02
1.494400848265409198e-01
7.951014542076041691e-02
8.622899497237417055e-02
4.353371186726155695e-02
9.097036716589458616e-02
9.278237358964749881e-02
9.238343078638672212e-02
4.392188756469914829e-02
5.577071323400577957e-02
1.632566193229742879e+01
1.129594101537172157e-01
8.992178962539049136e-02
9.204800121570407001e-02
7.750579633277952796e-02
6.265531940342727868e-02
3.295794675025073839e-02
5.320549744016026678e-02
5.278364612417528468e-02
1.138899268725716840e-01
3.362436220247973229e-02
7.290572637234353504e-02
1.033683671439508817e-01
8.334306637380324567e-02
7.173882167554153366e-02
4.866929239436828397e-02
8.357257543082934059e-02
6.684361010335417019e-02
7.697471033474287405e-02
1.258192467001527926e-01
7.698542633988486594e-02
7.704340576803164753e-02
7.723386381748913176e-02
6.675850711012375205e-02
6.691755085373109202e-02
2.540903068880515092e-01
8.469581979456923537e-02
