7.147575614089418661e-02
9.757845324315105040e-02
6.683608541919676405e-02
5.705688080586360927e-02
5.274117974835392658e-02
7.343232039995072069e-02
7.899676234914504436e-02
9.493474057048155446e-02
1.349462676049362486e-01
8.535769560429236347e-02
4.691053423174119663e-01
7.698411258240504818e-02
8.689882359718116567e-02
1.257656162296310609e-01
7.602057579469208015e-01
6.700104386499301790e-02
7.170107978144319105e+00
1.142069963891387263e-01
4.887375951994100270e-02
6.449342298446657240e-02
6.749978770720203858e-02
4.858091216072898261e-02
1.000107535250518431e-01
7.147969560244109288e-02
7.159018384909629495e-02
3.457776634429420848e-01
2.939297204805496833e+00
4.288137417471609147e+00
1.142961279782151868e-01
6.734858198556453734e-02
1.102219696193837556e-01
6.897394824174753192e-02
3.673910825633715516e-01
5.504027277737148782e-02
1.005098162824562130e-01
1.234420858659704828e-01
4.287958540756964254e-02
5.107938586459729452e-02
1.251243962398352338e-01
8.346649553350422857e-02
4.178805510764687509e-02
6.767496296549643242e-01
8.344769241914201663e-02
1.258145165891732253e-01
3.574870317722476654e-01
5.954841037285410477e-02
5.275757113638636364e-02
5.579084332977427008e-02
5.626776291488608944e-02
3.183504712166401740e-02
9.941777954858514732e-02
