7.778039169440938150e-02
9.180834953226851836e-02
5.266456057320960393e-02
8.506598005925453121e-02
1.465142837260054454e-01
2.036597855621478659e-01
8.419659787927608052e-02
6.382098060438037845e-02
7.246645427466158473e-02
7.729149531372254966e-02
9.105317391329266485e-02
6.420384752579163523e-01
1.181527759823298851e+02
2.605016971298328987e-01
9.295849962806820854e-02
6.712868075964652237e-02
6.456048096589500629e-02
8.383715515897570414e-02
2.811864103548559757e-01
1.875500488359739260e-01
9.106527711495487898e-02
1.111342325226776506e-01
8.369775186794976840e-02
6.222247124102785881e-02
5.752632537102652516e-02
2.083022148272289709e+00
9.720859771039069841e-02
6.250476986574629579e-02
5.304234168781218201e-02
1.823950490482131315e+00
5.069843738496544044e-02
9.180608529076574043e-02
1.409274820380444027e+01
9.112251182565273000e-02
1.508630741092243932e-01
6.649402365081803767e-02
1.143372140941605053e-01
1.506135272445350004e-01
5.559259764639079560e-02
4.825091602304103916e-02
4.734729105179955738e-02
1.605788117757923072e-01
1.139361902703254631e-01
3.025516630154599511e+02
8.550616677235915730e-02
1.001120923911601873e-01
1.319500490476209764e-01
7.251838808190101682e-02
6.334965099223534291e-02
1.577088784815178502e-01
7.761192206470371446e-02
7.525724626272156659e-02
6.697520549159934056e-02
7.147342185963244388e-02
7.709786818099277628e-02
4.767069045496966084e-02
1.078673325952047152e-01
5.903735535909887533e-02
7.804199845833791060e-02
1.114095230459327818e-01
1.848809464823775617e+00
6.684105185697813978e-02
7.706091759823374687e-02
5.882620036506966410e-02
1.702821173398867405e-01
3.462432863606590416e-01
1.467440638201671366e-01
6.251476858259163993e-02
5.069197869217767494e-01
3.195692497043463309e-02
1.430256910180676688e-01
7.142983818895257131e-02
3.778757403192465475e-02
1.023580353451821051e-01
3.036945757800654441e-02
9.106579715904518368e-02
1.643057731035577618e-01
7.493637308654910179e-02
1.000200717892519159e-01
3.298619236987095082e-02
6.287423809805482711e-02
7.179742803879488044e-02
5.338898197049029432e-02
5.895645178118759377e-02
6.686450851616725088e-02
1.111229281061111435e-01
